C1_6_16

VEHICLE
NUMBER     CAPACITY
150	200

CUSTOMER
CUST NO.	XCOORD.	YCOORD.	DEMAND	READY TIME	DUE DATE	SERVICE TIME

0		150		150		0		0		1496		0		
1		55		228		30		557		642		90		
2		55		58		20		456		513		90		
3		80		182		20		342		428		90		
4		293		25		20		490		567		90		
5		143		179		10		218		254		90		
6		65		133		30		334		420		90		
7		277		9		10		329		402		90		
8		119		168		20		1207		1282		90		
9		40		266		30		1093		1158		90		
10		272		164		20		1071		1106		90		
11		1		161		40		1057		1098		90		
12		136		291		30		969		1032		90		
13		9		105		30		1008		1062		90		
14		148		41		20		589		657		90		
15		198		42		40		458		510		90		
16		210		42		20		507		572		90		
17		10		151		30		543		587		90		
18		161		250		20		1070		1158		90		
19		93		133		40		1188		1251		90		
20		88		172		10		887		927		90		
21		208		149		40		655		698		90		
22		155		197		30		445		482		90		
23		199		274		20		823		869		90		
24		107		23		20		1206		1260		90		
25		59		91		40		113		166		90		
26		206		282		10		1217		1253		90		
27		29		238		20		835		891		90		
28		200		151		20		466		511		90		
29		128		151		40		321		383		90		
30		101		213		10		601		641		90		
31		219		19		40		333		379		90		
32		192		137		20		304		350		90		
33		68		77		10		509		540		90		
34		224		101		40		1095		1130		90		
35		270		188		10		811		862		90		
36		46		55		20		160		226		90		
37		250		95		20		223		300		90		
38		19		160		10		581		622		90		
39		276		211		30		710		757		90		
40		157		72		40		229		304		90		
41		141		89		30		364		449		90		
42		296		76		30		474		563		90		
43		59		158		40		744		808		90		
44		121		68		30		724		784		90		
45		106		31		10		971		1051		90		
46		75		57		20		231		289		90		
47		68		203		10		979		1044		90		
48		190		10		40		694		782		90		
49		15		57		30		488		557		90		
50		42		132		20		204		271		90		
51		217		203		30		143		210		90		
52		148		25		10		477		548		90		
53		177		198		20		1256		1299		90		
54		30		85		30		607		675		90		
55		69		195		30		822		886		90		
56		165		166		10		610		685		90		
57		256		231		30		392		467		90		
58		292		17		30		724		791		90		
59		205		183		10		523		607		90		
60		13		234		10		1139		1216		90		
61		222		102		10		974		1044		90		
62		52		58		10		597		673		90		
63		246		87		20		737		822		90		
64		208		201		40		764		834		90		
65		39		83		40		379		438		90		
66		188		32		40		678		722		90		
67		255		225		30		678		716		90		
68		52		152		30		977		1064		90		
69		155		70		40		1191		1261		90		
70		208		51		40		1163		1199		90		
71		6		157		20		917		980		90		
72		274		172		20		906		945		90		
73		73		70		40		1152		1220		90		
74		198		141		40		810		898		90		
75		166		77		20		1050		1106		90		
76		151		49		10		1120		1154		90		
77		30		78		30		1192		1223		90		
78		190		142		20		161		238		90		
79		202		145		10		113		190		90		
80		142		93		30		1302		1341		90		
81		184		0		40		564		620		90		
82		169		189		20		945		1007		90		
83		221		24		10		298		353		90		
84		296		82		10		325		386		90		
85		44		55		30		301		352		90		
86		207		33		40		1083		1173		90		
87		67		163		10		412		456		90		
88		213		203		20		781		824		90		
89		14		58		10		713		793		90		
90		9		103		20		539		613		90		
91		72		58		10		573		646		90		
92		129		71		30		867		939		90		
93		215		42		20		1171		1224		90		
94		130		293		30		1034		1124		90		
95		80		186		10		218		277		90		
96		152		64		40		850		888		90		
97		209		156		30		1197		1262		90		
98		191		159		40		993		1071		90		
99		6		224		10		1050		1120		90		
100		64		84		20		565		651		90		
101		192		35		30		810		877		90		
102		203		155		40		170		238		90		
103		193		272		10		711		787		90		
104		290		69		10		662		726		90		
105		208		194		20		658		708		90		
106		214		157		40		971		1027		90		
107		201		128		20		127		181		90		
108		143		97		10		344		404		90		
109		6		107		40		347		411		90		
110		96		23		30		541		623		90		
111		276		208		40		203		286		90		
112		170		202		30		76		149		90		
113		19		148		20		618		703		90		
114		134		170		40		1114		1167		90		
115		144		293		40		361		451		90		
116		144		21		40		639		685		90		
117		56		57		40		446		496		90		
118		135		289		10		928		1003		90		
119		288		31		40		724		785		90		
120		15		153		20		858		949		90		
121		24		61		20		191		264		90		
122		158		187		40		550		594		90		
123		48		65		40		410		467		90		
124		62		153		10		1150		1232		90		
125		145		25		40		1079		1114		90		
126		157		174		10		469		543		90		
127		142		88		30		786		865		90		
128		37		270		20		981		1067		90		
129		16		233		10		896		966		90		
130		5		153		30		970		1006		90		
131		55		57		30		294		369		90		
132		224		209		20		696		738		90		
133		295		76		30		684		716		90		
134		272		4		30		1120		1175		90		
135		152		175		30		195		266		90		
136		186		10		40		881		944		90		
137		22		50		30		650		701		90		
138		287		82		20		887		918		90		
139		90		172		10		1153		1207		90		
140		126		281		40		658		742		90		
141		16		237		10		691		735		90		
142		164		77		10		731		773		90		
143		291		72		20		575		646		90		
144		269		195		10		191		245		90		
145		84		127		10		892		977		90		
146		224		22		10		466		518		90		
147		16		101		20		513		597		90		
148		63		202		40		698		774		90		
149		2		141		20		954		1014		90		
150		3		159		10		445		520		90		
151		121		175		10		1073		1116		90		
152		64		191		20		1089		1176		90		
153		193		144		20		895		967		90		
154		157		77		30		312		356		90		
155		62		82		30		618		686		90		
156		262		180		10		409		489		90		
157		28		228		20		1038		1082		90		
158		12		158		30		1070		1104		90		
159		7		55		20		780		813		90		
160		41		273		40		1003		1087		90		
161		195		178		20		532		565		90		
162		3		231		10		833		908		90		
163		267		158		10		873		926		90		
164		29		89		10		1132		1174		90		
165		99		21		10		762		845		90		
166		208		196		30		521		588		90		
167		196		149		10		821		890		90		
168		55		160		40		259		310		90		
169		202		36		10		1134		1203		90		
170		8		102		20		865		923		90		
171		268		167		10		545		600		90		
172		123		154		30		603		652		90		
173		8		154		40		274		360		90		
174		76		77		20		1083		1115		90		
175		213		44		10		870		904		90		
176		58		226		30		839		874		90		
177		66		163		40		750		805		90		
178		129		144		30		106		174		90		
179		147		194		30		861		920		90		
180		140		80		30		468		551		90		
181		282		7		40		739		807		90		
182		252		233		40		851		901		90		
183		149		73		20		1221		1310		90		
184		34		247		10		913		983		90		
185		17		59		40		1017		1101		90		
186		47		261		20		1031		1117		90		
187		225		94		30		624		706		90		
188		198		142		10		634		671		90		
189		13		52		20		596		687		90		
190		49		83		10		1096		1181		90		
191		175		197		10		1179		1266		90		
192		127		298		40		954		994		90		
193		87		140		20		992		1081		90		
194		264		227		30		606		650		90		
195		200		33		40		938		1020		90		
196		115		30		20		747		817		90		
197		17		147		40		160		212		90		
198		137		95		10		698		763		90		
199		154		67		30		261		341		90		
200		212		201		20		455		523		90		
201		154		243		40		739		810		90		
202		3		109		10		231		275		90		
203		21		236		40		1095		1155		90		
204		226		105		20		303		381		90		
205		24		60		20		645		717		90		
206		283		24		10		800		889		90		
207		42		138		20		1252		1287		90		
208		81		54		10		319		366		90		
209		76		80		40		1036		1126		90		
210		253		236		40		725		782		90		
211		75		83		30		670		703		90		
212		290		78		10		667		753		90		
213		157		67		30		590		627		90		
214		140		284		30		694		758		90		
215		157		193		20		599		640		90		
216		256		229		40		982		1043		90		
217		16		142		30		179		270		90		
218		55		237		30		434		505		90		
219		266		210		10		767		850		90		
220		114		36		10		397		488		90		
221		153		204		10		85		130		90		
222		215		197		30		654		705		90		
223		179		191		10		933		978		90		
224		273		159		10		1126		1202		90		
225		59		156		10		462		548		90		
226		83		171		10		647		722		90		
227		45		56		30		864		945		90		
228		224		105		20		576		653		90		
229		154		35		40		540		581		90		
230		284		24		10		653		736		90		
231		192		281		10		905		942		90		
232		23		77		30		737		828		90		
233		213		209		20		633		705		90		
234		215		278		20		1093		1174		90		
235		224		97		40		971		1034		90		
236		268		0		30		854		924		90		
237		83		47		10		777		862		90		
238		204		147		20		356		429		90		
239		38		228		10		759		797		90		
240		162		175		40		850		883		90		
241		262		196		10		343		381		90		
242		225		98		30		99		185		90		
243		199		132		20		613		673		90		
244		87		138		40		237		310		90		
245		51		90		10		227		266		90		
246		190		46		10		392		456		90		
247		66		162		20		1022		1056		90		
248		219		48		30		1094		1175		90		
249		286		13		20		618		663		90		
250		62		88		10		725		785		90		
251		36		246		30		218		249		90		
252		190		4		10		219		290		90		
253		13		159		40		413		492		90		
254		92		210		10		982		1040		90		
255		52		64		40		559		616		90		
256		215		14		20		576		661		90		
257		163		164		30		361		398		90		
258		58		194		40		328		374		90		
259		135		141		20		1270		1340		90		
260		66		87		40		1048		1088		90		
261		29		86		30		171		236		90		
262		98		214		30		609		642		90		
263		52		155		30		201		272		90		
264		271		190		10		1025		1057		90		
265		20		236		30		237		285		90		
266		214		158		20		102		161		90		
267		123		161		40		1053		1114		90		
268		119		60		10		800		857		90		
269		2		165		40		656		708		90		
270		66		53		40		903		955		90		
271		28		169		40		575		626		90		
272		199		1		20		327		367		90		
273		150		40		20		492		539		90		
274		208		282		30		1132		1170		90		
275		164		74		30		451		510		90		
276		263		154		30		143		226		90		
277		12		224		30		357		394		90		
278		208		182		10		1196		1270		90		
279		124		172		10		139		184		90		
280		65		195		20		624		714		90		
281		286		70		10		432		499		90		
282		47		127		40		456		541		90		
283		154		200		20		501		560		90		
284		212		193		30		1013		1045		90		
285		152		74		40		509		554		90		
286		67		86		20		375		452		90		
287		275		167		10		835		900		90		
288		148		194		40		956		1012		90		
289		208		179		10		506		593		90		
290		19		141		10		507		545		90		
291		66		84		40		319		393		90		
292		8		103		20		262		324		90		
293		144		81		40		69		130		90		
294		209		182		30		788		875		90		
295		163		64		20		1121		1192		90		
296		67		201		20		269		326		90		
297		128		159		40		552		619		90		
298		37		89		10		523		568		90		
299		39		141		30		148		200		90		
300		126		77		10		533		599		90		
301		98		216		40		91		153		90		
302		58		196		20		201		273		90		
303		44		50		20		215		268		90		
304		79		173		20		1132		1182		90		
305		26		168		40		1191		1251		90		
306		125		171		40		570		639		90		
307		145		21		10		825		915		90		
308		192		42		20		235		274		90		
309		0		158		10		349		389		90		
310		197		130		30		467		531		90		
311		190		2		10		900		977		90		
312		53		100		40		1016		1102		90		
313		61		200		20		166		229		90		
314		119		76		40		158		216		90		
315		284		3		40		934		998		90		
316		21		158		10		831		904		90		
317		73		191		30		544		608		90		
318		13		112		20		1121		1199		90		
319		127		160		40		155		199		90		
320		206		147		40		844		888		90		
321		55		91		40		603		684		90		
322		83		65		40		974		1062		90		
323		231		108		10		380		413		90		
324		284		217		30		164		242		90		
325		79		183		10		855		910		90		
326		153		65		10		1214		1283		90		
327		210		43		10		894		932		90		
328		94		179		30		123		207		90		
329		79		175		30		1027		1084		90		
330		47		141		10		585		624		90		
331		27		242		30		933		998		90		
332		154		17		10		1206		1262		90		
333		289		78		20		1124		1155		90		
334		255		96		40		222		289		90		
335		198		180		10		526		580		90		
336		290		71		20		731		771		90		
337		263		240		30		726		794		90		
338		127		149		40		878		927		90		
339		171		207		30		717		806		90		
340		148		66		30		265		351		90		
341		211		20		40		987		1066		90		
342		165		67		10		349		411		90		
343		150		89		10		1275		1314		90		
344		215		21		40		182		249		90		
345		289		79		20		165		223		90		
346		94		204		20		1261		1327		90		
347		32		260		20		326		394		90		
348		30		270		10		430		500		90		
349		77		195		10		172		255		90		
350		157		36		20		724		796		90		
351		58		67		30		705		769		90		
352		85		123		40		685		719		90		
353		199		154		40		64		104		90		
354		142		33		30		506		581		90		
355		60		85		30		1011		1055		90		
356		61		82		40		277		336		90		
357		142		25		10		252		283		90		
358		201		144		20		166		247		90		
359		88		131		20		140		185		90		
360		147		34		30		848		917		90		
361		150		28		10		1078		1109		90		
362		281		156		40		349		430		90		
363		71		50		40		610		642		90		
364		46		46		30		236		292		90		
365		101		13		10		389		471		90		
366		161		165		10		45		127		90		
367		135		282		40		1098		1188		90		
368		64		219		30		433		501		90		
369		134		176		30		106		167		90		
370		36		63		30		521		578		90		
371		287		16		10		618		651		90		
372		59		202		30		574		657		90		
373		155		37		40		395		464		90		
374		71		199		30		432		523		90		
375		212		47		40		523		566		90		
376		45		64		40		474		543		90		
377		195		153		40		1056		1113		90		
378		197		265		30		753		828		90		
379		41		47		40		587		647		90		
380		150		197		40		807		840		90		
381		145		198		30		1191		1275		90		
382		280		216		20		1026		1070		90		
383		201		143		40		672		714		90		
384		286		73		10		620		675		90		
385		218		40		20		426		487		90		
386		164		78		30		284		341		90		
387		42		58		40		1068		1156		90		
388		115		18		20		1141		1195		90		
389		279		154		30		483		546		90		
390		294		80		10		966		1024		90		
391		84		62		30		634		680		90		
392		204		42		10		290		381		90		
393		204		160		30		1244		1286		90		
394		87		177		40		1184		1259		90		
395		296		68		30		292		358		90		
396		138		294		30		920		1001		90		
397		270		164		10		180		215		90		
398		178		192		20		248		280		90		
399		15		107		30		616		671		90		
400		140		43		30		666		737		90		
401		183		17		40		590		655		90		
402		23		93		40		298		372		90		
403		100		36		20		461		507		90		
404		225		15		20		1052		1086		90		
405		144		281		20		368		428		90		
406		33		232		10		896		979		90		
407		155		31		40		189		226		90		
408		66		123		20		795		862		90		
409		277		3		20		351		426		90		
410		212		156		30		1015		1048		90		
411		118		159		30		61		152		90		
412		294		34		40		1068		1154		90		
413		211		186		10		753		789		90		
414		34		82		10		614		657		90		
415		181		12		20		655		740		90		
416		12		164		20		873		918		90		
417		24		233		30		422		480		90		
418		46		130		20		1080		1114		90		
419		81		65		10		487		532		90		
420		148		63		10		357		410		90		
421		159		257		40		515		571		90		
422		61		92		40		1069		1115		90		
423		75		188		30		222		263		90		
424		70		180		40		1205		1272		90		
425		137		80		30		266		343		90		
426		201		35		40		1057		1107		90		
427		207		49		30		659		737		90		
428		286		4		20		598		669		90		
429		96		203		10		112		169		90		
430		200		265		10		304		337		90		
431		5		166		40		637		683		90		
432		108		206		40		72		106		90		
433		120		158		40		1100		1132		90		
434		295		68		40		612		676		90		
435		160		162		10		516		600		90		
436		294		16		20		722		793		90		
437		137		81		40		465		513		90		
438		217		45		40		665		725		90		
439		244		86		20		408		486		90		
440		64		87		40		661		736		90		
441		131		145		20		582		639		90		
442		71		61		20		684		753		90		
443		217		48		10		1101		1138		90		
444		146		185		30		226		284		90		
445		222		93		30		808		890		90		
446		38		131		40		361		434		90		
447		162		248		40		205		245		90		
448		93		168		10		887		935		90		
449		276		15		10		869		960		90		
450		169		160		30		257		346		90		
451		251		85		10		949		1006		90		
452		67		209		40		294		348		90		
453		19		165		10		768		858		90		
454		297		66		40		422		477		90		
455		79		191		20		470		541		90		
456		58		234		10		983		1032		90		
457		200		145		20		149		204		90		
458		281		163		30		597		628		90		
459		64		224		40		867		917		90		
460		130		67		40		246		300		90		
461		55		139		40		1121		1204		90		
462		31		77		10		583		648		90		
463		251		228		10		620		692		90		
464		98		32		20		296		327		90		
465		52		49		20		637		678		90		
466		228		101		30		1228		1283		90		
467		141		50		40		122		179		90		
468		194		264		10		372		431		90		
469		61		199		20		901		953		90		
470		3		100		30		618		675		90		
471		52		150		20		1115		1157		90		
472		107		28		20		131		208		90		
473		60		67		20		770		826		90		
474		69		70		40		114		167		90		
475		46		122		30		129		198		90		
476		271		167		30		516		560		90		
477		15		113		10		344		394		90		
478		119		61		20		185		271		90		
479		295		34		30		941		999		90		
480		35		81		20		594		675		90		
481		288		27		10		1103		1193		90		
482		292		77		20		523		591		90		
483		274		218		40		632		665		90		
484		190		265		20		246		295		90		
485		187		129		20		1168		1249		90		
486		63		52		10		271		339		90		
487		225		28		10		753		801		90		
488		37		63		20		466		517		90		
489		64		95		40		113		162		90		
490		56		129		40		1211		1283		90		
491		299		83		30		174		233		90		
492		249		229		20		1003		1057		90		
493		254		228		40		347		400		90		
494		151		244		40		572		641		90		
495		139		285		40		428		510		90		
496		176		190		40		1151		1220		90		
497		216		148		30		395		434		90		
498		291		24		20		921		963		90		
499		55		55		40		1049		1083		90		
500		202		274		10		723		771		90		
501		54		98		20		730		819		90		
502		140		26		10		1233		1265		90		
503		70		70		20		447		500		90		
504		263		165		30		568		622		90		
505		211		200		10		700		739		90		
506		216		24		40		793		859		90		
507		77		63		30		1115		1198		90		
508		35		127		20		859		929		90		
509		74		195		20		484		559		90		
510		221		196		20		838		927		90		
511		112		76		30		489		542		90		
512		75		202		20		633		677		90		
513		200		156		40		1107		1192		90		
514		162		251		10		220		284		90		
515		150		186		40		85		126		90		
516		221		18		30		760		805		90		
517		277		204		20		409		493		90		
518		269		202		30		586		647		90		
519		184		14		40		681		739		90		
520		247		101		20		296		373		90		
521		199		44		20		341		393		90		
522		270		169		40		1119		1204		90		
523		166		69		20		1206		1276		90		
524		16		151		10		176		226		90		
525		50		229		40		167		228		90		
526		62		161		10		131		210		90		
527		166		257		20		152		227		90		
528		159		202		10		295		331		90		
529		104		219		40		1146		1206		90		
530		65		72		40		622		704		90		
531		198		267		40		405		441		90		
532		201		38		30		161		245		90		
533		160		173		20		329		408		90		
534		95		125		40		1012		1078		90		
535		149		34		20		847		895		90		
536		291		18		20		295		382		90		
537		293		71		20		197		262		90		
538		163		248		10		571		631		90		
539		140		282		20		483		544		90		
540		284		30		30		1011		1094		90		
541		286		67		40		833		897		90		
542		151		170		30		1182		1215		90		
543		127		59		20		1089		1142		90		
544		73		58		30		1104		1164		90		
545		1		154		20		1143		1224		90		
546		255		229		20		501		551		90		
547		10		48		30		775		836		90		
548		60		95		30		263		319		90		
549		208		145		10		113		158		90		
550		63		81		40		337		427		90		
551		184		129		10		539		600		90		
552		55		92		10		513		546		90		
553		110		31		20		721		798		90		
554		83		137		20		1057		1140		90		
555		292		27		40		784		857		90		
556		54		62		30		470		506		90		
557		191		140		10		1026		1111		90		
558		99		26		30		332		408		90		
559		147		94		10		1043		1101		90		
560		54		164		20		1086		1163		90		
561		42		269		20		614		705		90		
562		83		128		40		1132		1208		90		
563		136		84		10		324		409		90		
564		180		189		20		156		200		90		
565		222		97		30		799		849		90		
566		21		235		40		644		707		90		
567		94		212		10		414		452		90		
568		200		39		30		401		486		90		
569		225		195		10		341		405		90		
570		63		225		20		925		958		90		
571		67		156		10		393		455		90		
572		221		102		10		854		929		90		
573		34		244		40		717		758		90		
574		42		264		40		945		1029		90		
575		292		30		40		736		812		90		
576		75		67		30		303		367		90		
577		187		0		30		665		701		90		
578		255		227		20		137		215		90		
579		100		32		40		968		1007		90		
580		204		270		20		710		757		90		
581		290		85		20		564		652		90		
582		144		22		40		1162		1238		90		
583		54		97		10		247		288		90		
584		36		258		20		304		376		90		
585		131		96		40		300		355		90		
586		10		160		30		312		387		90		
587		186		141		30		518		568		90		
588		60		52		10		977		1054		90		
589		116		13		20		523		601		90		
590		24		52		40		647		689		90		
591		245		101		40		267		352		90		
592		168		204		20		1018		1092		90		
593		37		228		10		302		337		90		
594		276		188		20		432		480		90		
595		216		50		40		487		522		90		
596		147		201		20		1134		1183		90		
597		138		92		10		97		157		90		
598		283		11		40		224		298		90		
599		200		290		10		1163		1233		90		
600		252		231		30		308		356		90		
