RC1_6_11

VEHICLE
NUMBER     CAPACITY
150	200

CUSTOMER
CUST NO.	XCOORD.	YCOORD.	DEMAND	READY TIME	DUE DATE	SERVICE TIME

0		150		150		0		0		1206		0		
1		126		252		20		963		993		10		
2		79		86		20		705		735		10		
3		35		206		10		772		802		10		
4		272		295		0		321		351		10		
5		35		262		0		678		708		10		
6		94		107		10		174		204		10		
7		227		99		40		434		464		10		
8		285		93		0		404		434		10		
9		119		49		0		562		592		10		
10		207		268		0		550		580		10		
11		55		297		10		443		473		10		
12		299		197		30		743		773		10		
13		115		15		40		324		354		10		
14		152		132		0		493		523		10		
15		0		268		30		572		602		10		
16		86		297		30		353		383		10		
17		190		201		10		930		960		10		
18		145		254		10		820		850		10		
19		243		191		20		649		679		10		
20		216		257		30		612		642		10		
21		139		70		30		357		387		10		
22		39		256		20		618		648		10		
23		150		104		30		966		996		10		
24		155		69		40		767		797		10		
25		239		59		0		806		836		10		
26		155		290		30		847		877		10		
27		271		15		0		554		584		10		
28		261		138		0		771		801		10		
29		129		262		40		443		473		10		
30		203		164		0		911		941		10		
31		70		185		40		393		423		10		
32		253		125		30		380		410		10		
33		44		146		20		1006		1036		10		
34		76		89		20		956		986		10		
35		282		137		10		714		744		10		
36		139		123		20		695		725		10		
37		159		279		40		193		223		10		
38		241		152		40		389		419		10		
39		91		274		20		397		427		10		
40		109		136		0		887		917		10		
41		230		264		0		970		1000		10		
42		142		69		20		470		500		10		
43		22		27		40		223		253		10		
44		49		2		10		653		683		10		
45		39		25		0		723		753		10		
46		144		78		0		597		627		10		
47		117		268		20		423		453		10		
48		155		223		0		737		767		10		
49		295		270		0		970		1000		10		
50		173		187		0		93		123		10		
51		69		286		40		498		528		10		
52		65		96		40		184		214		10		
53		69		223		40		448		478		10		
54		200		229		30		692		722		10		
55		77		121		20		206		236		10		
56		86		123		10		520		550		10		
57		110		180		40		343		373		10		
58		33		44		30		429		459		10		
59		220		173		0		332		362		10		
60		229		135		40		989		1019		10		
61		171		247		20		296		326		10		
62		246		271		30		942		972		10		
63		268		113		40		500		530		10		
64		4		25		30		704		734		10		
65		237		149		30		1043		1073		10		
66		116		53		20		618		648		10		
67		100		214		10		423		453		10		
68		135		109		0		1028		1058		10		
69		259		35		20		166		196		10		
70		121		168		10		1119		1149		10		
71		157		51		30		320		350		10		
72		216		142		40		88		118		10		
73		278		139		40		813		843		10		
74		36		106		0		1003		1033		10		
75		122		22		40		138		168		10		
76		295		272		0		707		737		10		
77		277		200		10		797		827		10		
78		232		20		20		302		332		10		
79		150		233		20		874		904		10		
80		23		258		10		737		767		10		
81		198		239		10		372		402		10		
82		198		65		30		541		571		10		
83		188		39		40		846		876		10		
84		293		213		0		301		331		10		
85		108		32		10		139		169		10		
86		24		36		40		548		578		10		
87		47		75		30		803		833		10		
88		291		136		0		745		775		10		
89		142		165		20		932		962		10		
90		193		258		20		771		801		10		
91		298		171		10		894		924		10		
92		26		66		10		462		492		10		
93		155		166		20		283		313		10		
94		189		287		0		174		204		10		
95		98		151		0		61		91		10		
96		198		88		40		102		132		10		
97		123		279		10		884		914		10		
98		274		188		0		234		264		10		
99		143		212		10		1088		1118		10		
100		291		79		0		691		721		10		
101		196		240		0		1008		1038		10		
102		285		120		30		138		168		10		
103		154		253		40		756		786		10		
104		47		226		20		578		608		10		
105		119		199		20		1099		1129		10		
106		130		147		0		1126		1156		10		
107		216		252		10		447		477		10		
108		64		233		0		956		986		10		
109		281		28		30		735		765		10		
110		78		82		10		632		662		10		
111		203		248		0		857		887		10		
112		143		244		10		942		972		10		
113		293		39		30		606		636		10		
114		229		141		0		1028		1058		10		
115		297		21		40		358		388		10		
116		25		137		20		366		396		10		
117		284		161		10		865		895		10		
118		296		126		40		681		711		10		
119		214		91		0		177		207		10		
120		245		74		30		978		1008		10		
121		110		106		20		745		775		10		
122		71		99		0		504		534		10		
123		59		288		30		250		280		10		
124		173		257		10		317		347		10		
125		59		25		40		566		596		10		
126		41		192		0		273		303		10		
127		224		227		40		127		157		10		
128		209		101		40		956		986		10		
129		30		3		0		310		340		10		
130		49		159		20		541		571		10		
131		233		74		0		646		676		10		
132		63		252		20		309		339		10		
133		252		211		10		375		405		10		
134		112		40		40		734		764		10		
135		294		181		20		513		543		10		
136		202		33		20		662		692		10		
137		72		186		0		875		905		10		
138		215		60		10		661		691		10		
139		46		84		10		639		669		10		
140		70		69		0		607		637		10		
141		128		143		30		357		387		10		
142		119		39		30		212		242		10		
143		279		119		0		745		775		10		
144		69		166		0		392		422		10		
145		265		271		10		851		881		10		
146		31		53		10		769		799		10		
147		298		185		40		586		616		10		
148		293		192		0		689		719		10		
149		98		58		10		962		992		10		
150		116		78		30		733		763		10		
151		94		85		40		297		327		10		
152		8		5		40		299		329		10		
153		141		140		20		138		168		10		
154		218		71		20		255		285		10		
155		174		264		0		173		203		10		
156		67		248		20		134		164		10		
157		49		68		30		186		216		10		
158		267		146		0		384		414		10		
159		113		7		40		439		469		10		
160		211		89		40		589		619		10		
161		15		151		0		889		919		10		
162		173		165		0		342		372		10		
163		265		104		30		527		557		10		
164		235		115		10		596		626		10		
165		95		4		10		737		767		10		
166		75		144		20		457		487		10		
167		73		299		30		932		962		10		
168		90		48		20		574		604		10		
169		224		50		40		807		837		10		
170		263		2		20		872		902		10		
171		226		84		0		485		515		10		
172		130		141		0		239		269		10		
173		234		121		0		488		518		10		
174		85		71		20		196		226		10		
175		5		175		0		827		857		10		
176		213		82		0		438		468		10		
177		223		195		20		713		743		10		
178		81		84		30		820		850		10		
179		104		70		20		889		919		10		
180		96		189		30		638		668		10		
181		288		298		0		375		405		10		
182		203		86		0		499		529		10		
183		47		78		20		319		349		10		
184		218		33		10		680		710		10		
185		98		97		0		834		864		10		
186		209		26		0		215		245		10		
187		147		164		0		346		376		10		
188		137		75		20		1036		1066		10		
189		135		90		10		776		806		10		
190		25		85		20		620		650		10		
191		183		75		30		380		410		10		
192		239		173		30		736		766		10		
193		119		80		0		246		276		10		
194		199		20		10		310		340		10		
195		250		70		0		597		627		10		
196		128		214		40		336		366		10		
197		114		236		30		875		905		10		
198		89		220		40		815		845		10		
199		257		262		20		603		633		10		
200		232		121		40		1050		1080		10		
201		20		129		10		982		1012		10		
202		114		100		30		720		750		10		
203		117		200		0		842		872		10		
204		179		240		30		111		141		10		
205		153		145		10		1122		1152		10		
206		144		239		0		526		556		10		
207		77		294		20		899		929		10		
208		120		223		0		98		128		10		
209		203		234		30		602		632		10		
210		142		205		40		574		604		10		
211		36		56		0		294		324		10		
212		275		232		20		233		263		10		
213		33		98		20		550		580		10		
214		147		274		10		362		392		10		
215		214		31		0		690		720		10		
216		237		16		0		880		910		10		
217		179		5		40		305		335		10		
218		144		192		10		1031		1061		10		
219		229		26		20		621		651		10		
220		266		30		20		272		302		10		
221		185		24		0		599		629		10		
222		252		200		0		684		714		10		
223		97		93		30		609		639		10		
224		16		231		40		802		832		10		
225		262		12		40		821		851		10		
226		158		58		10		956		986		10		
227		287		285		20		648		678		10		
228		27		84		20		934		964		10		
229		280		102		40		286		316		10		
230		141		109		30		604		634		10		
231		151		203		20		596		626		10		
232		10		217		0		875		905		10		
233		112		156		10		501		531		10		
234		265		20		20		186		216		10		
235		262		228		10		504		534		10		
236		224		257		30		747		777		10		
237		149		37		0		588		618		10		
238		273		235		0		683		713		10		
239		249		108		0		850		880		10		
240		184		220		0		192		222		10		
241		97		177		40		692		722		10		
242		280		95		20		885		915		10		
243		144		249		40		380		410		10		
244		186		214		30		410		440		10		
245		147		44		10		206		236		10		
246		5		147		40		889		919		10		
247		151		119		10		601		631		10		
248		81		159		10		758		788		10		
249		71		34		10		604		634		10		
250		104		60		40		554		584		10		
251		66		153		10		641		671		10		
252		176		48		0		158		188		10		
253		280		41		30		451		481		10		
254		169		40		20		303		333		10		
255		141		17		10		144		174		10		
256		47		31		10		314		344		10		
257		124		63		20		325		355		10		
258		190		261		0		710		740		10		
259		189		211		20		260		290		10		
260		128		81		40		323		353		10		
261		10		89		40		936		966		10		
262		3		229		10		533		563		10		
263		195		111		20		345		375		10		
264		187		221		10		81		111		10		
265		85		12		40		861		891		10		
266		107		13		40		448		478		10		
267		117		142		0		605		635		10		
268		74		195		20		261		291		10		
269		112		293		20		1016		1046		10		
270		40		216		30		1035		1065		10		
271		186		143		10		339		369		10		
272		91		19		0		708		738		10		
273		48		127		40		434		464		10		
274		95		28		20		694		724		10		
275		260		50		10		630		660		10		
276		13		86		0		337		367		10		
277		12		187		40		1004		1034		10		
278		165		243		10		694		724		10		
279		282		108		0		651		681		10		
280		271		238		30		238		268		10		
281		257		39		0		269		299		10		
282		131		255		10		737		767		10		
283		100		121		0		745		775		10		
284		269		232		0		949		979		10		
285		33		13		10		838		868		10		
286		77		85		0		901		931		10		
287		209		209		10		772		802		10		
288		172		299		40		822		852		10		
289		83		22		10		836		866		10		
290		46		156		30		141		171		10		
291		42		117		30		370		400		10		
292		279		101		40		413		443		10		
293		265		186		40		722		752		10		
294		98		129		20		676		706		10		
295		58		205		10		915		945		10		
296		199		256		0		373		403		10		
297		216		154		30		684		714		10		
298		160		8		40		681		711		10		
299		177		25		0		646		676		10		
300		299		176		0		658		688		10		
301		208		259		20		308		338		10		
302		139		265		0		321		351		10		
303		133		257		30		706		736		10		
304		246		178		0		250		280		10		
305		265		3		40		753		783		10		
306		25		244		20		887		917		10		
307		203		268		10		869		899		10		
308		97		298		0		736		766		10		
309		260		10		30		337		367		10		
310		135		271		40		499		529		10		
311		94		99		10		302		332		10		
312		136		255		0		948		978		10		
313		287		205		40		346		376		10		
314		127		250		40		708		738		10		
315		199		268		0		145		175		10		
316		144		244		0		307		337		10		
317		4		266		40		529		559		10		
318		47		192		10		216		246		10		
319		137		73		0		910		940		10		
320		117		56		20		297		327		10		
321		12		260		30		210		240		10		
322		147		89		30		795		825		10		
323		78		86		30		541		571		10		
324		236		56		30		995		1025		10		
325		96		292		20		558		588		10		
326		150		58		0		1068		1098		10		
327		286		90		40		924		954		10		
328		269		124		30		730		760		10		
329		214		264		0		481		511		10		
330		281		6		40		385		415		10		
331		285		192		40		985		1015		10		
332		281		104		40		724		754		10		
333		150		295		20		590		620		10		
334		132		71		0		680		710		10		
335		237		86		10		636		666		10		
336		119		275		0		198		228		10		
337		148		83		0		419		449		10		
338		267		299		10		693		723		10		
339		210		252		20		535		565		10		
340		157		288		40		753		783		10		
341		297		206		40		476		506		10		
342		74		83		0		297		327		10		
343		194		165		10		628		658		10		
344		1		282		10		476		506		10		
345		241		185		0		437		467		10		
346		228		63		30		1020		1050		10		
347		111		260		10		1001		1031		10		
348		149		67		20		304		334		10		
349		36		194		40		253		283		10		
350		24		252		20		386		416		10		
351		144		81		0		746		776		10		
352		216		266		40		503		533		10		
353		10		282		40		439		469		10		
354		270		105		40		908		938		10		
355		48		256		20		709		739		10		
356		229		264		40		686		716		10		
357		285		86		10		896		926		10		
358		284		97		40		899		929		10		
359		100		119		30		717		747		10		
360		214		111		20		239		269		10		
361		229		58		10		164		194		10		
362		22		191		20		769		799		10		
363		223		267		10		590		620		10		
364		115		18		20		378		408		10		
365		166		295		30		362		392		10		
366		292		208		30		962		992		10		
367		91		298		40		230		260		10		
368		150		250		30		837		867		10		
369		233		63		30		422		452		10		
370		124		266		30		750		780		10		
371		109		61		30		608		638		10		
372		25		211		0		803		833		10		
373		278		296		20		948		978		10		
374		160		146		30		771		801		10		
375		199		149		30		321		351		10		
376		231		65		0		243		273		10		
377		263		136		30		844		874		10		
378		292		198		10		953		983		10		
379		28		193		30		793		823		10		
380		26		195		0		159		189		10		
381		40		214		0		660		690		10		
382		146		255		0		1039		1069		10		
383		299		98		20		204		234		10		
384		264		124		0		255		285		10		
385		264		8		30		580		610		10		
386		290		208		10		901		931		10		
387		100		95		30		605		635		10		
388		116		51		20		652		682		10		
389		138		82		40		149		179		10		
390		219		275		40		379		409		10		
391		299		183		30		575		605		10		
392		132		247		10		724		754		10		
393		162		67		10		606		636		10		
394		211		164		10		1087		1117		10		
395		150		136		20		685		715		10		
396		286		195		40		447		477		10		
397		40		289		20		364		394		10		
398		1		259		40		957		987		10		
399		235		44		30		406		436		10		
400		26		253		20		388		418		10		
401		78		74		10		308		338		10		
402		39		261		20		584		614		10		
403		250		68		0		587		617		10		
404		282		288		10		713		743		10		
405		228		109		0		371		401		10		
406		291		192		40		985		1015		10		
407		249		51		30		614		644		10		
408		223		270		40		345		375		10		
409		139		252		10		330		360		10		
410		36		202		40		500		530		10		
411		2		276		30		939		969		10		
412		72		284		30		989		1019		10		
413		211		178		0		552		582		10		
414		279		14		10		471		501		10		
415		80		291		40		226		256		10		
416		249		187		0		711		741		10		
417		52		254		10		598		628		10		
418		156		253		10		365		395		10		
419		26		262		10		616		646		10		
420		124		248		20		426		456		10		
421		126		48		40		1047		1077		10		
422		229		96		20		731		761		10		
423		266		283		0		894		924		10		
424		169		286		20		795		825		10		
425		292		206		0		991		1021		10		
426		161		275		20		678		708		10		
427		227		59		10		792		822		10		
428		251		176		40		209		239		10		
429		298		186		30		495		525		10		
430		190		175		40		757		787		10		
431		25		269		40		212		242		10		
432		125		274		30		554		584		10		
433		240		205		10		403		433		10		
434		237		203		30		359		389		10		
435		37		257		0		293		323		10		
436		153		66		10		600		630		10		
437		24		246		10		196		226		10		
438		159		296		10		772		802		10		
439		46		244		0		582		612		10		
440		236		58		40		451		481		10		
441		183		204		10		514		544		10		
442		204		264		20		529		559		10		
443		113		16		10		861		891		10		
444		260		294		0		775		805		10		
445		54		282		20		241		271		10		
446		296		193		30		759		789		10		
447		153		288		10		898		928		10		
448		120		263		40		932		962		10		
449		128		52		40		137		167		10		
450		43		263		10		307		337		10		
451		147		288		30		1007		1037		10		
452		160		67		0		196		226		10		
453		151		112		30		330		360		10		
454		146		66		40		561		591		10		
455		35		253		40		433		463		10		
456		118		10		0		779		809		10		
457		248		59		30		896		926		10		
458		66		295		40		489		519		10		
459		3		272		40		591		621		10		
460		158		111		40		1076		1106		10		
461		91		84		0		160		190		10		
462		64		73		30		266		296		10		
463		266		3		40		648		678		10		
464		24		261		40		619		649		10		
465		248		124		20		976		1006		10		
466		290		102		0		359		389		10		
467		270		298		10		641		671		10		
468		160		55		20		196		226		10		
469		53		251		40		585		615		10		
470		226		89		10		1000		1030		10		
471		153		246		40		747		777		10		
472		29		266		40		820		850		10		
473		157		127		30		935		965		10		
474		137		122		0		940		970		10		
475		226		46		40		227		257		10		
476		249		189		40		642		672		10		
477		153		281		0		894		924		10		
478		251		71		10		214		244		10		
479		161		61		0		485		515		10		
480		216		110		0		291		321		10		
481		152		142		0		470		500		10		
482		298		208		0		958		988		10		
483		130		250		20		993		1023		10		
484		257		12		30		667		697		10		
485		209		269		40		643		673		10		
486		150		76		30		622		652		10		
487		221		262		0		453		483		10		
488		129		272		10		922		952		10		
489		279		298		20		222		252		10		
490		124		5		40		804		834		10		
491		210		275		40		521		551		10		
492		226		246		30		699		729		10		
493		235		105		30		1031		1061		10		
494		298		89		30		997		1027		10		
495		248		143		30		333		363		10		
496		211		175		0		333		363		10		
497		79		88		20		973		1003		10		
498		156		106		0		626		656		10		
499		30		247		20		728		758		10		
500		292		192		30		545		575		10		
501		211		281		10		627		657		10		
502		104		4		30		800		830		10		
503		45		266		10		524		554		10		
504		229		193		40		473		503		10		
505		205		153		30		918		948		10		
506		114		55		10		513		543		10		
507		222		91		10		690		720		10		
508		184		188		10		124		154		10		
509		33		205		20		633		663		10		
510		235		65		30		947		977		10		
511		215		88		20		200		230		10		
512		165		77		40		216		246		10		
513		271		298		0		209		239		10		
514		24		259		30		753		783		10		
515		148		110		10		708		738		10		
516		219		266		40		515		545		10		
517		82		289		30		565		595		10		
518		258		17		0		527		557		10		
519		297		184		10		544		574		10		
520		210		160		0		691		721		10		
521		76		87		10		942		972		10		
522		98		108		10		726		756		10		
523		44		275		40		852		882		10		
524		201		190		30		555		585		10		
525		156		75		40		727		757		10		
526		268		133		10		158		188		10		
527		226		105		40		1053		1083		10		
528		146		105		10		503		533		10		
529		91		80		10		378		408		10		
530		144		100		40		999		1029		10		
531		141		117		0		233		263		10		
532		266		297		10		851		881		10		
533		52		269		0		408		438		10		
534		113		55		20		205		235		10		
535		118		242		20		564		594		10		
536		133		75		20		415		445		10		
537		256		132		40		131		161		10		
538		281		13		0		727		757		10		
539		52		292		20		742		772		10		
540		141		246		40		216		246		10		
541		150		264		20		192		222		10		
542		29		268		40		495		525		10		
543		157		66		20		564		594		10		
544		138		122		0		1002		1032		10		
545		295		90		20		787		817		10		
546		80		90		10		144		174		10		
547		230		112		30		753		783		10		
548		253		66		30		1022		1052		10		
549		226		52		10		812		842		10		
550		231		181		20		676		706		10		
551		29		254		20		410		440		10		
552		146		137		10		777		807		10		
553		132		61		0		232		262		10		
554		91		115		0		338		368		10		
555		105		0		20		232		262		10		
556		86		121		10		133		163		10		
557		77		297		30		764		794		10		
558		239		197		30		721		751		10		
559		230		91		20		776		806		10		
560		145		115		40		807		837		10		
561		153		123		20		198		228		10		
562		261		130		30		316		346		10		
563		201		246		0		436		466		10		
564		100		18		10		834		864		10		
565		297		199		30		640		670		10		
566		153		79		10		988		1018		10		
567		159		141		10		603		633		10		
568		30		197		20		285		315		10		
569		294		211		30		448		478		10		
570		77		284		10		977		1007		10		
571		138		251		30		292		322		10		
572		124		240		0		672		702		10		
573		138		114		0		634		664		10		
574		272		286		30		478		508		10		
575		120		23		40		872		902		10		
576		257		289		40		758		788		10		
577		272		150		40		857		887		10		
578		135		267		0		356		386		10		
579		271		99		10		1020		1050		10		
580		31		267		0		639		669		10		
581		119		245		0		422		452		10		
582		137		241		30		812		842		10		
583		232		60		30		385		415		10		
584		143		264		10		655		685		10		
585		284		99		10		998		1028		10		
586		107		99		0		223		253		10		
587		158		95		40		171		201		10		
588		295		203		30		642		672		10		
589		275		81		30		213		243		10		
590		275		6		0		655		685		10		
591		71		73		30		707		737		10		
592		167		83		40		211		241		10		
593		162		290		20		703		733		10		
594		130		78		40		531		561		10		
595		126		6		30		517		547		10		
596		146		61		40		697		727		10		
597		200		199		10		691		721		10		
598		25		267		0		583		613		10		
599		40		205		30		958		988		10		
600		224		95		0		508		538		10		
