RC2_6_14

VEHICLE
NUMBER     CAPACITY
150	1000

CUSTOMER
CUST NO.	XCOORD.	YCOORD.	DEMAND	READY TIME	DUE DATE	SERVICE TIME

0		150		150		0		0		4823		0		
1		158		89		0		4556		4676		10		
2		167		4		40		2542		2662		10		
3		98		90		40		4171		4291		10		
4		152		84		0		4567		4687		10		
5		9		272		0		2419		2539		10		
6		192		97		10		4294		4414		10		
7		179		120		30		146		266		10		
8		257		4		40		1740		1860		10		
9		178		20		20		1503		1623		10		
10		138		52		20		3442		3562		10		
11		286		203		10		1122		1242		10		
12		253		257		20		4163		4283		10		
13		170		205		10		3321		3441		10		
14		294		226		0		4044		4164		10		
15		294		82		40		920		1040		10		
16		83		156		30		2459		2579		10		
17		42		14		30		3456		3576		10		
18		181		183		20		3094		3214		10		
19		221		107		40		826		946		10		
20		34		161		30		2818		2938		10		
21		42		282		20		4175		4295		10		
22		104		132		30		3506		3626		10		
23		21		132		10		2269		2389		10		
24		39		3		30		2276		2396		10		
25		91		268		30		2317		2437		10		
26		39		248		20		3672		3792		10		
27		265		53		0		4219		4339		10		
28		104		159		10		488		608		10		
29		91		260		0		2669		2789		10		
30		70		229		30		117		237		10		
31		222		157		40		1661		1781		10		
32		246		12		10		2147		2267		10		
33		256		22		0		3636		3756		10		
34		273		86		40		4489		4609		10		
35		213		150		0		3921		4041		10		
36		260		146		10		3002		3122		10		
37		116		231		20		717		837		10		
38		55		188		0		392		512		10		
39		262		70		40		3534		3654		10		
40		162		166		20		2277		2397		10		
41		52		236		20		2872		2992		10		
42		121		92		10		1187		1307		10		
43		49		67		0		3052		3172		10		
44		198		279		20		2121		2241		10		
45		127		202		10		836		956		10		
46		204		248		30		2461		2581		10		
47		45		3		40		2214		2334		10		
48		244		23		30		3155		3275		10		
49		237		171		20		1796		1916		10		
50		272		186		20		3581		3701		10		
51		199		23		0		4503		4623		10		
52		292		112		0		3413		3533		10		
53		112		284		30		1948		2068		10		
54		245		90		30		118		238		10		
55		170		262		0		1103		1223		10		
56		298		107		0		1451		1571		10		
57		14		135		20		473		593		10		
58		37		223		10		2256		2376		10		
59		86		257		30		1950		2070		10		
60		246		248		30		3265		3385		10		
61		139		294		20		2363		2483		10		
62		104		70		20		1876		1996		10		
63		249		121		30		383		503		10		
64		35		98		30		681		801		10		
65		130		202		20		2861		2981		10		
66		236		169		20		3180		3300		10		
67		105		100		0		99		219		10		
68		180		9		40		270		390		10		
69		173		288		10		586		706		10		
70		131		13		10		2646		2766		10		
71		93		232		40		2820		2940		10		
72		118		90		30		1721		1841		10		
73		29		154		20		1689		1809		10		
74		83		257		40		1978		2098		10		
75		220		267		10		1913		2033		10		
76		37		278		0		3641		3761		10		
77		170		55		10		914		1034		10		
78		39		91		20		3864		3984		10		
79		49		43		10		2198		2318		10		
80		73		290		20		3294		3414		10		
81		235		118		30		2994		3114		10		
82		226		170		40		2838		2958		10		
83		23		274		0		754		874		10		
84		56		36		30		2709		2829		10		
85		11		92		40		1212		1332		10		
86		209		37		40		1388		1508		10		
87		103		169		40		811		931		10		
88		290		173		0		2093		2213		10		
89		179		105		0		3954		4074		10		
90		46		28		10		2473		2593		10		
91		275		296		30		1494		1614		10		
92		50		230		20		4060		4180		10		
93		269		15		10		2640		2760		10		
94		244		166		0		251		371		10		
95		35		239		10		2359		2479		10		
96		58		263		20		2664		2784		10		
97		110		170		40		2983		3103		10		
98		2		268		40		1467		1587		10		
99		29		232		0		3385		3505		10		
100		188		204		0		828		948		10		
101		239		192		30		3982		4102		10		
102		239		43		40		4389		4509		10		
103		179		103		10		2479		2599		10		
104		261		274		10		3846		3966		10		
105		56		272		0		1340		1460		10		
106		132		101		0		4474		4594		10		
107		182		126		10		2016		2136		10		
108		189		13		30		3402		3522		10		
109		169		166		40		4131		4251		10		
110		128		167		40		3840		3960		10		
111		176		174		30		2038		2158		10		
112		258		211		0		1235		1355		10		
113		99		191		30		2217		2337		10		
114		118		262		10		2262		2382		10		
115		103		209		30		2115		2235		10		
116		178		271		0		4111		4231		10		
117		126		282		30		1996		2116		10		
118		172		101		30		70		190		10		
119		274		133		0		3621		3741		10		
120		207		42		30		1992		2112		10		
121		233		85		20		1899		2019		10		
122		286		59		10		4367		4487		10		
123		201		53		20		1314		1434		10		
124		113		13		30		2198		2318		10		
125		161		15		40		3380		3500		10		
126		16		48		20		4003		4123		10		
127		229		36		30		2707		2827		10		
128		58		5		10		4117		4237		10		
129		294		187		10		4073		4193		10		
130		52		158		40		3929		4049		10		
131		127		67		0		3933		4053		10		
132		17		255		0		4222		4342		10		
133		260		75		0		3457		3577		10		
134		17		8		30		2087		2207		10		
135		226		187		30		2131		2251		10		
136		20		295		30		1531		1651		10		
137		237		181		40		2142		2262		10		
138		155		47		10		1421		1541		10		
139		85		15		30		3919		4039		10		
140		198		92		0		908		1028		10		
141		264		260		20		801		921		10		
142		169		245		20		2037		2157		10		
143		151		207		30		1393		1513		10		
144		22		282		10		376		496		10		
145		188		279		30		1685		1805		10		
146		36		106		0		1394		1514		10		
147		220		168		30		3290		3410		10		
148		185		88		0		2142		2262		10		
149		36		245		40		3651		3771		10		
150		155		255		0		3038		3158		10		
151		146		299		10		3460		3580		10		
152		165		27		20		2738		2858		10		
153		163		89		10		2896		3016		10		
154		112		17		0		3836		3956		10		
155		43		246		10		3680		3800		10		
156		239		126		10		314		434		10		
157		217		116		20		3464		3584		10		
158		145		55		40		3849		3969		10		
159		160		14		30		3018		3138		10		
160		264		19		10		304		424		10		
161		114		23		10		2671		2791		10		
162		3		244		40		856		976		10		
163		260		47		30		4401		4521		10		
164		292		135		30		2662		2782		10		
165		94		33		10		2198		2318		10		
166		93		63		40		1525		1645		10		
167		0		39		30		2841		2961		10		
168		190		25		10		1917		2037		10		
169		208		205		40		1541		1661		10		
170		89		113		30		2053		2173		10		
171		137		22		20		3802		3922		10		
172		108		191		0		4102		4222		10		
173		6		279		10		2326		2446		10		
174		72		58		0		3620		3740		10		
175		141		35		40		2254		2374		10		
176		115		162		0		505		625		10		
177		198		145		10		138		258		10		
178		179		199		20		223		343		10		
179		120		63		30		3266		3386		10		
180		142		39		20		1211		1331		10		
181		53		206		0		618		738		10		
182		140		25		10		4519		4639		10		
183		70		136		10		3027		3147		10		
184		148		122		20		1730		1850		10		
185		258		264		10		3771		3891		10		
186		87		95		40		3185		3305		10		
187		93		274		10		2311		2431		10		
188		233		176		0		2461		2581		10		
189		248		79		10		4038		4158		10		
190		42		67		30		603		723		10		
191		80		180		20		2257		2377		10		
192		287		120		0		3321		3441		10		
193		282		45		30		1615		1735		10		
194		237		56		20		1287		1407		10		
195		271		97		40		2697		2817		10		
196		45		65		10		1793		1913		10		
197		132		72		20		2849		2969		10		
198		246		8		40		3269		3389		10		
199		25		155		10		2980		3100		10		
200		150		251		20		638		758		10		
201		208		37		20		959		1079		10		
202		290		46		40		3011		3131		10		
203		6		189		40		2880		3000		10		
204		167		104		30		3121		3241		10		
205		189		85		20		4140		4260		10		
206		276		194		30		4405		4525		10		
207		155		203		20		3124		3244		10		
208		149		187		40		2480		2600		10		
209		296		181		20		189		309		10		
210		268		213		0		1699		1819		10		
211		285		91		0		3655		3775		10		
212		26		30		20		1227		1347		10		
213		128		145		40		2600		2720		10		
214		137		280		40		1938		2058		10		
215		175		28		0		2145		2265		10		
216		47		143		10		3739		3859		10		
217		241		261		10		806		926		10		
218		288		124		30		420		540		10		
219		205		10		40		2544		2664		10		
220		149		39		40		2153		2273		10		
221		70		237		40		2930		3050		10		
222		185		222		40		1401		1521		10		
223		186		228		0		370		490		10		
224		204		177		10		3154		3274		10		
225		15		201		30		1032		1152		10		
226		289		69		0		4494		4614		10		
227		121		141		30		2728		2848		10		
228		153		82		0		3315		3435		10		
229		94		68		10		4564		4684		10		
230		286		169		0		2012		2132		10		
231		210		161		0		2642		2762		10		
232		289		124		40		152		272		10		
233		79		285		20		4254		4374		10		
234		59		166		30		3484		3604		10		
235		227		257		10		2087		2207		10		
236		270		57		20		1338		1458		10		
237		25		240		20		1895		2015		10		
238		212		72		0		4416		4536		10		
239		63		202		20		2958		3078		10		
240		275		225		20		1463		1583		10		
241		88		14		20		1859		1979		10		
242		184		134		30		1079		1199		10		
243		80		49		40		3299		3419		10		
244		246		147		10		3486		3606		10		
245		23		35		0		1871		1991		10		
246		227		98		40		2433		2553		10		
247		117		72		20		2054		2174		10		
248		244		178		20		492		612		10		
249		244		92		40		4360		4480		10		
250		103		13		0		3328		3448		10		
251		174		46		0		2314		2434		10		
252		169		39		40		3855		3975		10		
253		218		235		0		377		497		10		
254		123		279		0		1048		1168		10		
255		191		247		20		4188		4308		10		
256		25		16		20		298		418		10		
257		222		249		0		881		1001		10		
258		78		103		20		107		227		10		
259		153		241		10		4206		4326		10		
260		207		221		30		2547		2667		10		
261		95		289		0		822		942		10		
262		128		29		30		3130		3250		10		
263		37		102		30		1421		1541		10		
264		170		96		10		1710		1830		10		
265		255		219		10		4065		4185		10		
266		210		214		10		1509		1629		10		
267		173		135		30		1361		1481		10		
268		150		290		30		1750		1870		10		
269		191		22		10		2071		2191		10		
270		69		271		20		2347		2467		10		
271		285		157		30		4308		4428		10		
272		52		299		20		950		1070		10		
273		161		119		30		3645		3765		10		
274		151		12		40		680		800		10		
275		272		234		20		218		338		10		
276		106		129		10		1397		1517		10		
277		163		135		20		102		222		10		
278		31		73		30		1291		1411		10		
279		160		226		40		3054		3174		10		
280		299		156		0		2176		2296		10		
281		215		191		0		2116		2236		10		
282		170		228		10		3988		4108		10		
283		184		256		10		119		239		10		
284		258		207		30		1566		1686		10		
285		82		139		0		4553		4673		10		
286		151		84		0		3913		4033		10		
287		198		150		40		3784		3904		10		
288		172		215		20		3656		3776		10		
289		99		2		30		1698		1818		10		
290		186		12		30		2067		2187		10		
291		135		118		10		2811		2931		10		
292		255		202		40		3526		3646		10		
293		202		223		0		1573		1693		10		
294		77		207		0		4553		4673		10		
295		295		68		40		2314		2434		10		
296		269		106		30		4313		4433		10		
297		149		174		40		1241		1361		10		
298		216		247		40		1338		1458		10		
299		280		80		0		4066		4186		10		
300		7		173		40		2427		2547		10		
301		184		17		10		3497		3617		10		
302		118		142		30		3259		3379		10		
303		63		27		20		1132		1252		10		
304		98		116		30		274		394		10		
305		44		245		0		1396		1516		10		
306		135		62		10		4489		4609		10		
307		12		276		10		484		604		10		
308		168		218		10		1151		1271		10		
309		167		208		30		3778		3898		10		
310		285		98		0		525		645		10		
311		138		108		20		2385		2505		10		
312		152		52		20		4056		4176		10		
313		238		123		30		3873		3993		10		
314		15		275		0		2197		2317		10		
315		167		80		0		2264		2384		10		
316		114		128		0		4608		4728		10		
317		100		153		30		1442		1562		10		
318		49		242		40		3094		3214		10		
319		197		189		40		3600		3720		10		
320		62		168		30		4102		4222		10		
321		251		67		10		2792		2912		10		
322		255		6		40		3290		3410		10		
323		156		225		20		2817		2937		10		
324		87		281		30		3389		3509		10		
325		161		186		10		696		816		10		
326		87		247		0		1513		1633		10		
327		184		123		30		2874		2994		10		
328		146		50		20		551		671		10		
329		42		258		40		3116		3236		10		
330		41		285		30		3426		3546		10		
331		65		215		40		4200		4320		10		
332		94		178		0		112		232		10		
333		297		217		10		2283		2403		10		
334		198		40		30		686		806		10		
335		99		94		0		416		536		10		
336		38		174		10		3463		3583		10		
337		118		136		10		864		984		10		
338		44		142		20		2788		2908		10		
339		31		19		20		2185		2305		10		
340		205		111		40		2589		2709		10		
341		177		74		10		4264		4384		10		
342		62		27		30		3154		3274		10		
343		138		75		40		261		381		10		
344		190		30		20		824		944		10		
345		23		254		30		1966		2086		10		
346		34		5		40		1380		1500		10		
347		118		100		30		3157		3277		10		
348		130		47		20		2334		2454		10		
349		156		29		0		1277		1397		10		
350		243		21		10		1075		1195		10		
351		152		214		0		925		1045		10		
352		161		141		30		591		711		10		
353		157		34		40		1072		1192		10		
354		68		163		20		3100		3220		10		
355		258		247		20		3526		3646		10		
356		24		161		0		3345		3465		10		
357		28		179		0		383		503		10		
358		179		82		40		684		804		10		
359		226		105		10		1555		1675		10		
360		176		3		30		1019		1139		10		
361		58		14		10		4434		4554		10		
362		290		93		20		2009		2129		10		
363		275		186		40		1610		1730		10		
364		169		222		0		687		807		10		
365		290		209		40		1833		1953		10		
366		24		277		20		2669		2789		10		
367		191		118		20		3979		4099		10		
368		233		250		0		1168		1288		10		
369		157		68		0		3909		4029		10		
370		198		9		40		1386		1506		10		
371		249		6		0		180		300		10		
372		98		258		40		1013		1133		10		
373		154		1		0		3803		3923		10		
374		270		198		20		3131		3251		10		
375		99		83		40		420		540		10		
376		152		15		0		1497		1617		10		
377		277		83		10		2357		2477		10		
378		131		73		0		394		514		10		
379		89		148		0		1045		1165		10		
380		275		232		0		1152		1272		10		
381		157		102		0		3402		3522		10		
382		41		156		40		875		995		10		
383		205		106		30		1404		1524		10		
384		35		2		10		2655		2775		10		
385		165		13		40		4440		4560		10		
386		33		226		40		4090		4210		10		
387		89		138		20		2524		2644		10		
388		201		169		30		3489		3609		10		
389		31		256		0		2847		2967		10		
390		137		64		0		435		555		10		
391		271		57		0		960		1080		10		
392		24		178		10		3914		4034		10		
393		235		120		40		3990		4110		10		
394		39		16		40		1956		2076		10		
395		272		101		40		2636		2756		10		
396		240		264		10		4028		4148		10		
397		37		265		20		1548		1668		10		
398		4		261		20		3825		3945		10		
399		286		67		30		3740		3860		10		
400		260		13		20		2351		2471		10		
401		47		175		40		1563		1683		10		
402		62		270		30		3437		3557		10		
403		116		78		0		2943		3063		10		
404		135		58		40		3990		4110		10		
405		179		81		20		3339		3459		10		
406		68		175		10		3508		3628		10		
407		286		73		20		2914		3034		10		
408		294		85		20		2797		2917		10		
409		122		52		20		3135		3255		10		
410		272		80		0		563		683		10		
411		262		8		20		3848		3968		10		
412		175		33		10		2287		2407		10		
413		158		103		40		3786		3906		10		
414		195		184		40		579		699		10		
415		39		6		40		3894		4014		10		
416		184		185		0		4640		4760		10		
417		187		28		40		3443		3563		10		
418		29		111		10		1175		1295		10		
419		91		166		0		4546		4666		10		
420		179		21		40		4116		4236		10		
421		293		103		10		313		433		10		
422		204		79		20		2581		2701		10		
423		265		191		20		4459		4579		10		
424		7		133		30		2517		2637		10		
425		195		103		40		1129		1249		10		
426		42		291		10		3623		3743		10		
427		122		146		20		4423		4543		10		
428		170		129		40		2505		2625		10		
429		21		245		0		2776		2896		10		
430		123		116		20		427		547		10		
431		101		256		30		2254		2374		10		
432		243		45		10		2243		2363		10		
433		298		207		40		2544		2664		10		
434		52		288		20		4098		4218		10		
435		249		59		10		3110		3230		10		
436		86		213		40		653		773		10		
437		292		83		30		3396		3516		10		
438		24		149		10		2607		2727		10		
439		74		269		30		163		283		10		
440		42		140		20		2034		2154		10		
441		29		149		0		210		330		10		
442		15		169		40		545		665		10		
443		163		173		20		3962		4082		10		
444		282		198		30		3117		3237		10		
445		175		75		0		4158		4278		10		
446		183		203		0		4217		4337		10		
447		89		141		20		1833		1953		10		
448		19		150		20		4352		4472		10		
449		290		215		30		434		554		10		
450		193		86		30		3015		3135		10		
451		102		102		40		3637		3757		10		
452		32		167		20		2859		2979		10		
453		125		113		0		82		202		10		
454		169		208		20		2334		2454		10		
455		107		242		40		125		245		10		
456		12		156		40		4071		4191		10		
457		80		251		30		2367		2487		10		
458		81		215		0		4586		4706		10		
459		240		3		20		3270		3390		10		
460		148		79		10		2344		2464		10		
461		92		145		30		1974		2094		10		
462		294		81		20		3588		3708		10		
463		87		161		10		69		189		10		
464		172		224		10		3585		3705		10		
465		109		145		30		2979		3099		10		
466		75		208		30		2640		2760		10		
467		178		117		10		4238		4358		10		
468		174		178		20		2553		2673		10		
469		108		125		30		471		591		10		
470		90		269		30		1566		1686		10		
471		226		121		0		1731		1851		10		
472		149		5		20		1005		1125		10		
473		200		103		10		3870		3990		10		
474		135		95		20		3662		3782		10		
475		183		107		30		933		1053		10		
476		91		70		40		2189		2309		10		
477		74		156		40		1529		1649		10		
478		284		86		20		1923		2043		10		
479		187		192		0		3266		3386		10		
480		196		29		0		3377		3497		10		
481		195		1		30		4448		4568		10		
482		54		248		20		3505		3625		10		
483		115		119		20		1483		1603		10		
484		258		243		0		654		774		10		
485		237		234		0		1525		1645		10		
486		145		11		40		3107		3227		10		
487		173		87		10		1743		1863		10		
488		95		170		0		842		962		10		
489		87		266		20		1407		1527		10		
490		34		30		0		3850		3970		10		
491		95		136		30		3598		3718		10		
492		152		39		20		2573		2693		10		
493		160		74		0		3828		3948		10		
494		176		203		10		637		757		10		
495		81		251		0		4326		4446		10		
496		101		152		40		4593		4713		10		
497		77		270		30		255		375		10		
498		260		251		10		233		353		10		
499		240		259		0		1875		1995		10		
500		245		51		0		1951		2071		10		
501		181		27		20		1028		1148		10		
502		182		197		0		4183		4303		10		
503		72		268		20		3896		4016		10		
504		185		38		40		3194		3314		10		
505		23		260		20		2780		2900		10		
506		53		299		0		1315		1435		10		
507		195		19		0		379		499		10		
508		152		12		20		3173		3293		10		
509		124		174		30		1002		1122		10		
510		20		21		10		3262		3382		10		
511		68		284		0		2172		2292		10		
512		92		160		30		3249		3369		10		
513		243		252		40		408		528		10		
514		97		167		0		2876		2996		10		
515		33		114		30		1740		1860		10		
516		256		6		0		3087		3207		10		
517		85		75		20		4583		4703		10		
518		282		214		20		3843		3963		10		
519		9		277		0		3089		3209		10		
520		169		71		10		2478		2598		10		
521		93		277		20		4065		4185		10		
522		129		67		0		3006		3126		10		
523		86		174		0		4572		4692		10		
524		156		118		30		2976		3096		10		
525		298		204		0		3825		3945		10		
526		13		261		30		2334		2454		10		
527		20		162		20		1236		1356		10		
528		35		126		0		2431		2551		10		
529		186		198		0		3913		4033		10		
530		26		146		0		2184		2304		10		
531		257		19		40		1357		1477		10		
532		68		211		10		1894		2014		10		
533		109		120		30		1143		1263		10		
534		70		228		0		2106		2226		10		
535		277		230		10		4176		4296		10		
536		272		220		20		4002		4122		10		
537		207		85		30		2816		2936		10		
538		95		140		0		4544		4664		10		
539		82		243		40		3158		3278		10		
540		77		150		0		3507		3627		10		
541		174		72		20		632		752		10		
542		50		276		20		3038		3158		10		
543		110		165		10		3369		3489		10		
544		81		89		20		137		257		10		
545		109		283		40		3558		3678		10		
546		247		11		30		1465		1585		10		
547		8		278		10		2445		2565		10		
548		269		200		20		419		539		10		
549		168		119		20		2202		2322		10		
550		45		20		30		733		853		10		
551		56		241		0		1054		1174		10		
552		95		146		30		2385		2505		10		
553		24		261		30		613		733		10		
554		181		18		10		527		647		10		
555		94		274		20		4505		4625		10		
556		271		257		20		3952		4072		10		
557		277		203		40		4295		4415		10		
558		27		242		30		3927		4047		10		
559		76		105		20		1196		1316		10		
560		33		138		40		3525		3645		10		
561		174		4		10		2600		2720		10		
562		13		255		30		2380		2500		10		
563		183		11		40		4134		4254		10		
564		283		64		10		1754		1874		10		
565		160		130		0		3077		3197		10		
566		268		278		20		723		843		10		
567		37		113		40		238		358		10		
568		125		52		20		2296		2416		10		
569		91		168		20		616		736		10		
570		228		128		20		774		894		10		
571		280		215		30		3958		4078		10		
572		262		66		40		2767		2887		10		
573		162		97		20		1635		1755		10		
574		169		20		30		4120		4240		10		
575		29		249		10		3100		3220		10		
576		269		8		30		824		944		10		
577		180		118		10		704		824		10		
578		272		84		20		1869		1989		10		
579		189		171		10		3274		3394		10		
580		107		258		10		627		747		10		
581		280		44		30		3774		3894		10		
582		190		8		0		2069		2189		10		
583		53		5		20		521		641		10		
584		135		85		10		4443		4563		10		
585		88		156		0		3890		4010		10		
586		94		279		40		3214		3334		10		
587		107		123		30		2807		2927		10		
588		268		16		10		972		1092		10		
589		249		52		20		815		935		10		
590		92		149		10		3845		3965		10		
591		177		93		10		4395		4515		10		
592		28		240		30		747		867		10		
593		62		162		10		1710		1830		10		
594		4		269		0		4429		4549		10		
595		147		17		20		2520		2640		10		
596		235		260		10		1098		1218		10		
597		20		254		20		615		735		10		
598		162		131		0		297		417		10		
599		12		291		20		1948		2068		10		
600		191		202		40		4124		4244		10		
