R2_10_15

VEHICLE
NUMBER     CAPACITY
250	1000

CUSTOMER
CUST NO.	XCOORD.	YCOORD.	DEMAND	READY TIME	DUE DATE	SERVICE TIME

0		250		250		0		0		7697		0		
1		305		238		10		7540		7574		10		
2		456		452		30		1706		1805		10		
3		244		307		20		3064		3083		10		
4		180		63		10		5579		5805		10		
5		347		29		10		5229		5263		10		
6		450		348		0		1558		1692		10		
7		275		448		0		1041		1194		10		
8		242		452		20		5638		5656		10		
9		120		261		0		5769		5856		10		
10		121		349		0		3904		4051		10		
11		303		259		30		5463		5602		10		
12		24		284		0		1169		1372		10		
13		197		289		30		4393		4624		10		
14		478		420		10		6860		6965		10		
15		422		175		40		4807		4883		10		
16		460		7		40		2004		2118		10		
17		252		57		0		5238		5440		10		
18		85		412		0		344		436		10		
19		297		161		10		4079		4266		10		
20		487		278		10		5359		5488		10		
21		52		460		20		4840		4854		10		
22		163		109		30		2510		2581		10		
23		169		385		0		6434		6634		10		
24		39		164		0		3800		3857		10		
25		55		278		0		5826		6042		10		
26		269		486		40		5081		5221		10		
27		178		146		40		670		779		10		
28		246		213		30		3841		3854		10		
29		221		208		20		2949		3147		10		
30		107		228		30		249		429		10		
31		420		343		40		306		323		10		
32		69		374		0		5630		5684		10		
33		59		345		20		6375		6553		10		
34		359		39		10		7017		7038		10		
35		353		426		20		6851		6942		10		
36		170		162		40		6662		6786		10		
37		456		453		20		2492		2708		10		
38		177		2		20		3790		3985		10		
39		155		9		0		5126		5290		10		
40		426		176		0		2854		2906		10		
41		17		377		40		3202		3434		10		
42		196		376		20		2335		2413		10		
43		146		181		10		5715		5899		10		
44		454		388		0		2756		2844		10		
45		335		497		30		1893		1987		10		
46		426		39		10		5921		6131		10		
47		136		113		40		7268		7323		10		
48		180		415		30		5374		5525		10		
49		69		359		40		7313		7402		10		
50		137		263		0		263		288		10		
51		212		401		20		2520		2526		10		
52		313		173		20		6012		6042		10		
53		493		201		10		5377		5520		10		
54		218		304		30		1539		1586		10		
55		268		438		0		5638		5651		10		
56		140		317		40		6339		6503		10		
57		191		143		40		4193		4237		10		
58		243		495		30		1148		1278		10		
59		14		191		30		1689		1770		10		
60		370		303		0		822		922		10		
61		93		330		30		754		826		10		
62		91		34		10		2488		2513		10		
63		306		45		20		5444		5660		10		
64		20		449		20		5103		5217		10		
65		117		44		0		7175		7406		10		
66		144		288		20		6890		7061		10		
67		235		228		40		1456		1672		10		
68		417		482		20		6506		6651		10		
69		330		326		40		4114		4212		10		
70		89		498		0		1049		1110		10		
71		359		50		30		498		564		10		
72		39		320		10		6451		6631		10		
73		88		352		20		966		991		10		
74		498		380		40		4081		4156		10		
75		495		343		30		2520		2747		10		
76		56		387		40		4941		5050		10		
77		2		242		30		6774		6914		10		
78		5		200		0		3273		3282		10		
79		180		306		0		3059		3101		10		
80		29		475		30		3722		3765		10		
81		415		378		10		3644		3875		10		
82		389		91		20		6582		6714		10		
83		156		338		30		1860		1873		10		
84		131		330		20		1002		1084		10		
85		402		320		0		924		1091		10		
86		463		227		30		7216		7415		10		
87		89		177		10		6428		6576		10		
88		169		87		40		3046		3099		10		
89		91		171		30		4403		4435		10		
90		419		366		20		3001		3084		10		
91		97		233		40		2951		3054		10		
92		164		220		10		883		1062		10		
93		269		462		20		2749		2801		10		
94		422		372		40		6120		6202		10		
95		131		131		30		1536		1580		10		
96		386		256		0		1464		1675		10		
97		238		178		30		540		660		10		
98		361		367		40		3162		3176		10		
99		360		177		10		2266		2428		10		
100		416		351		0		5838		5987		10		
101		128		129		10		1611		1799		10		
102		328		222		10		1973		1989		10		
103		392		427		30		2913		2926		10		
104		223		498		40		6967		7056		10		
105		476		450		10		7248		7365		10		
106		224		175		0		2358		2374		10		
107		496		397		30		4809		4983		10		
108		77		457		20		5650		5814		10		
109		85		218		20		606		789		10		
110		66		170		40		1959		1998		10		
111		342		251		10		3099		3271		10		
112		83		443		30		3301		3403		10		
113		74		326		40		2942		3094		10		
114		185		21		40		4972		5158		10		
115		276		21		10		551		729		10		
116		487		210		20		3651		3686		10		
117		426		235		0		978		991		10		
118		215		46		30		965		1055		10		
119		65		387		30		2983		3038		10		
120		245		171		40		1210		1346		10		
121		105		263		30		6023		6114		10		
122		263		486		40		448		678		10		
123		480		206		40		4936		5062		10		
124		110		107		40		678		798		10		
125		348		397		20		4467		4644		10		
126		246		21		40		3492		3680		10		
127		19		113		10		5334		5558		10		
128		312		217		0		4480		4705		10		
129		136		253		10		3256		3322		10		
130		177		389		20		5604		5769		10		
131		445		109		20		3554		3728		10		
132		75		328		40		2758		2811		10		
133		413		443		30		1134		1215		10		
134		382		146		0		396		436		10		
135		440		241		0		5753		5943		10		
136		408		477		40		3595		3725		10		
137		274		273		30		2672		2737		10		
138		296		404		30		4456		4493		10		
139		99		1		10		2155		2174		10		
140		337		387		30		7066		7247		10		
141		330		310		40		2113		2137		10		
142		466		84		20		1044		1107		10		
143		82		394		40		919		1052		10		
144		24		87		20		1502		1641		10		
145		282		301		20		985		1013		10		
146		366		91		40		2850		2883		10		
147		367		319		40		1851		2063		10		
148		48		434		20		3277		3509		10		
149		374		142		10		1056		1292		10		
150		401		128		20		7142		7184		10		
151		410		491		20		3206		3323		10		
152		200		80		40		1967		2053		10		
153		64		254		0		5138		5154		10		
154		160		373		0		4263		4368		10		
155		25		115		10		4183		4197		10		
156		435		367		20		2588		2617		10		
157		322		314		10		6832		6905		10		
158		19		375		0		2963		3187		10		
159		110		402		30		1116		1304		10		
160		382		66		0		4627		4786		10		
161		220		425		40		2009		2236		10		
162		488		246		30		4345		4577		10		
163		460		86		0		459		528		10		
164		488		243		20		5592		5746		10		
165		178		340		30		727		770		10		
166		144		479		10		7226		7328		10		
167		360		205		40		5979		6143		10		
168		14		258		40		5762		5898		10		
169		142		494		30		1179		1326		10		
170		431		44		20		1796		1969		10		
171		217		380		30		3704		3934		10		
172		451		217		30		5398		5407		10		
173		363		227		40		999		1049		10		
174		54		0		40		7209		7310		10		
175		5		320		0		7152		7225		10		
176		75		86		20		6578		6659		10		
177		211		219		0		6125		6265		10		
178		380		498		0		6206		6378		10		
179		412		275		30		959		966		10		
180		229		30		0		2394		2441		10		
181		367		107		40		951		1101		10		
182		308		222		10		2565		2708		10		
183		65		151		40		4918		4972		10		
184		422		455		0		1452		1645		10		
185		289		320		30		1721		1862		10		
186		91		489		20		4477		4589		10		
187		436		456		10		3192		3231		10		
188		356		103		10		2170		2194		10		
189		36		6		40		1894		2119		10		
190		112		421		20		3906		3922		10		
191		179		398		30		1672		1703		10		
192		111		190		10		2561		2771		10		
193		294		69		30		5947		6108		10		
194		309		101		40		623		819		10		
195		51		459		20		3875		4018		10		
196		320		75		30		1659		1803		10		
197		289		85		40		4761		4773		10		
198		470		203		20		3804		3999		10		
199		274		296		40		2670		2755		10		
200		21		107		20		6013		6139		10		
201		328		162		30		5801		6014		10		
202		15		384		10		3675		3742		10		
203		68		456		30		1224		1234		10		
204		338		120		20		1874		1916		10		
205		353		429		0		6550		6658		10		
206		206		2		10		7122		7206		10		
207		211		444		30		5542		5708		10		
208		207		279		20		3003		3152		10		
209		438		190		30		589		654		10		
210		459		429		30		1612		1708		10		
211		457		222		40		3705		3822		10		
212		22		162		0		6252		6265		10		
213		301		404		20		2306		2486		10		
214		433		350		40		2489		2650		10		
215		44		260		40		5988		6137		10		
216		57		266		30		963		1163		10		
217		42		218		20		850		918		10		
218		367		404		10		5624		5672		10		
219		454		483		10		6873		6891		10		
220		46		420		20		7332		7398		10		
221		65		351		20		6764		6945		10		
222		439		252		10		5942		6046		10		
223		444		270		10		6713		6721		10		
224		494		215		30		3324		3416		10		
225		385		276		0		2127		2266		10		
226		153		368		40		2801		2826		10		
227		360		372		30		2050		2282		10		
228		123		432		10		6791		6983		10		
229		272		35		10		1018		1189		10		
230		232		253		10		533		717		10		
231		153		446		20		5432		5498		10		
232		102		345		30		4922		4973		10		
233		458		473		0		2496		2699		10		
234		174		455		20		3639		3771		10		
235		150		455		20		288		322		10		
236		182		463		0		372		414		10		
237		78		271		0		4004		4021		10		
238		454		389		20		1116		1151		10		
239		268		399		0		1924		1976		10		
240		128		332		20		3485		3667		10		
241		241		35		20		2030		2193		10		
242		128		93		0		6439		6607		10		
243		161		373		0		5698		5795		10		
244		150		384		20		4516		4609		10		
245		71		181		40		2994		3017		10		
246		98		394		30		4860		4931		10		
247		207		58		40		381		596		10		
248		410		484		40		7094		7153		10		
249		243		235		40		2585		2809		10		
250		89		98		10		4978		5110		10		
251		50		1		30		6284		6445		10		
252		157		381		10		1267		1437		10		
253		229		381		20		4069		4132		10		
254		19		219		0		4254		4391		10		
255		409		130		0		5848		5893		10		
256		132		159		0		5749		5868		10		
257		194		396		40		7014		7211		10		
258		269		437		30		655		806		10		
259		6		35		0		575		732		10		
260		499		31		30		3349		3362		10		
261		210		124		20		4330		4351		10		
262		70		465		20		6717		6914		10		
263		373		15		20		3857		3915		10		
264		12		58		0		1125		1201		10		
265		8		233		10		1658		1787		10		
266		254		177		20		5251		5321		10		
267		222		15		30		2377		2525		10		
268		269		377		40		3549		3724		10		
269		139		115		40		931		1086		10		
270		331		136		40		5337		5368		10		
271		270		22		20		4725		4958		10		
272		497		332		10		2103		2309		10		
273		455		397		0		2566		2719		10		
274		126		130		30		3636		3761		10		
275		206		53		20		5806		5966		10		
276		238		363		40		1095		1192		10		
277		494		367		20		6543		6712		10		
278		54		99		40		4263		4495		10		
279		26		159		30		2387		2611		10		
280		483		347		40		490		638		10		
281		114		281		0		4860		5041		10		
282		194		235		10		7486		7532		10		
283		280		446		20		1631		1818		10		
284		86		408		30		3673		3822		10		
285		368		417		0		4626		4728		10		
286		427		452		20		6453		6657		10		
287		26		16		30		4811		4911		10		
288		133		422		10		3039		3112		10		
289		49		209		30		3359		3383		10		
290		163		448		10		2563		2570		10		
291		31		317		20		2542		2654		10		
292		410		494		30		6720		6740		10		
293		205		438		30		2730		2858		10		
294		37		291		40		3334		3413		10		
295		324		348		10		3357		3459		10		
296		350		328		30		6072		6181		10		
297		163		115		40		5680		5740		10		
298		393		163		30		6203		6327		10		
299		218		37		30		2669		2840		10		
300		265		154		30		2261		2287		10		
301		496		283		30		2754		2971		10		
302		50		454		40		4789		5020		10		
303		435		108		0		1408		1597		10		
304		258		302		20		2292		2408		10		
305		449		234		40		4419		4627		10		
306		252		240		30		1435		1492		10		
307		210		389		20		6071		6106		10		
308		176		239		10		4874		4914		10		
309		193		182		30		5963		6134		10		
310		446		231		30		2850		3009		10		
311		239		470		40		2168		2291		10		
312		52		166		20		4164		4173		10		
313		295		117		20		1690		1857		10		
314		294		341		0		6132		6283		10		
315		417		384		0		6217		6377		10		
316		178		64		10		3847		3880		10		
317		114		256		20		2169		2247		10		
318		137		211		40		1783		1835		10		
319		97		267		40		7161		7380		10		
320		269		373		20		2154		2167		10		
321		109		472		40		2419		2508		10		
322		196		410		10		6364		6472		10		
323		214		466		30		4217		4420		10		
324		471		36		20		3644		3656		10		
325		427		435		0		4717		4771		10		
326		89		343		20		4940		4993		10		
327		87		84		10		1766		1984		10		
328		440		476		0		7117		7272		10		
329		222		117		0		3953		4099		10		
330		308		279		30		4066		4148		10		
331		188		128		40		987		1062		10		
332		53		58		10		3281		3366		10		
333		240		374		30		5408		5478		10		
334		220		257		10		5259		5412		10		
335		288		293		40		1333		1549		10		
336		194		130		20		229		325		10		
337		385		261		40		631		772		10		
338		155		246		10		6719		6919		10		
339		455		341		0		5955		6092		10		
340		270		78		30		6362		6535		10		
341		153		82		30		1867		1947		10		
342		382		125		10		1684		1734		10		
343		1		47		20		6169		6316		10		
344		174		469		10		4663		4699		10		
345		217		44		0		3510		3676		10		
346		87		88		30		4816		4957		10		
347		470		84		20		4631		4786		10		
348		169		4		30		3529		3600		10		
349		173		369		20		6621		6854		10		
350		146		20		20		4400		4543		10		
351		11		97		10		3439		3450		10		
352		257		481		20		7246		7447		10		
353		247		293		30		547		742		10		
354		105		367		0		6276		6350		10		
355		81		217		30		5317		5452		10		
356		321		214		30		7102		7313		10		
357		439		435		0		553		762		10		
358		184		279		40		6789		6906		10		
359		143		489		10		4449		4474		10		
360		101		39		20		3236		3255		10		
361		237		113		0		6037		6232		10		
362		160		318		40		6861		6883		10		
363		304		437		20		2858		3043		10		
364		294		8		20		672		692		10		
365		439		59		30		1437		1462		10		
366		361		188		10		3662		3826		10		
367		209		407		30		631		761		10		
368		89		412		20		2933		2951		10		
369		130		335		40		4760		4950		10		
370		116		362		30		3452		3683		10		
371		159		65		0		2946		3082		10		
372		115		124		30		2581		2752		10		
373		316		323		0		5284		5509		10		
374		31		12		30		1654		1703		10		
375		34		200		30		1606		1711		10		
376		363		495		30		4795		4992		10		
377		47		189		0		5648		5750		10		
378		147		378		0		1026		1263		10		
379		337		430		0		6682		6874		10		
380		121		162		30		4390		4569		10		
381		367		104		40		1440		1601		10		
382		274		94		40		7390		7503		10		
383		239		27		0		2060		2085		10		
384		314		144		10		1828		1996		10		
385		248		376		0		6591		6727		10		
386		495		85		30		6501		6566		10		
387		232		422		0		1066		1074		10		
388		326		292		20		2888		2984		10		
389		146		4		40		3436		3571		10		
390		116		488		40		4559		4602		10		
391		27		420		0		2600		2671		10		
392		260		307		40		3925		3986		10		
393		262		483		10		6723		6814		10		
394		446		476		10		6753		6843		10		
395		15		417		0		4825		5029		10		
396		16		11		10		4258		4413		10		
397		474		94		30		6247		6318		10		
398		424		379		10		5878		6055		10		
399		217		443		20		3093		3268		10		
400		169		472		30		6211		6268		10		
401		145		428		10		6572		6651		10		
402		150		299		30		6822		6933		10		
403		106		316		40		2506		2686		10		
404		469		179		10		632		650		10		
405		337		463		30		4755		4960		10		
406		48		395		10		7179		7193		10		
407		230		362		20		3628		3840		10		
408		19		191		40		5539		5661		10		
409		446		276		10		6298		6484		10		
410		244		308		30		5636		5652		10		
411		180		372		30		5964		6130		10		
412		68		309		20		6453		6560		10		
413		182		391		20		6672		6804		10		
414		289		163		10		3560		3781		10		
415		189		280		30		2618		2783		10		
416		255		197		10		6304		6363		10		
417		409		469		0		2275		2373		10		
418		388		202		20		6673		6710		10		
419		262		178		30		5853		6007		10		
420		386		418		10		4600		4800		10		
421		15		23		20		5363		5379		10		
422		214		55		0		3750		3946		10		
423		88		383		20		5715		5888		10		
424		63		121		40		4031		4242		10		
425		58		326		20		7322		7434		10		
426		404		128		30		1287		1383		10		
427		258		346		30		6739		6902		10		
428		216		26		40		4196		4401		10		
429		160		12		10		2212		2261		10		
430		261		407		0		666		890		10		
431		249		462		40		3485		3663		10		
432		96		456		20		3289		3346		10		
433		425		286		40		3181		3322		10		
434		255		221		10		5367		5594		10		
435		112		314		20		963		983		10		
436		447		431		20		1406		1568		10		
437		140		315		20		3122		3259		10		
438		116		9		30		4681		4856		10		
439		497		199		40		3013		3020		10		
440		467		338		20		3348		3560		10		
441		224		381		10		3531		3608		10		
442		81		392		0		6871		6945		10		
443		369		395		10		3428		3599		10		
444		43		286		10		1944		2114		10		
445		184		484		10		5610		5817		10		
446		253		247		40		4825		5032		10		
447		246		384		20		3184		3330		10		
448		206		246		0		849		883		10		
449		188		388		10		6833		6909		10		
450		242		67		40		6205		6375		10		
451		408		442		40		3654		3685		10		
452		452		489		10		3858		3916		10		
453		201		327		0		636		736		10		
454		300		125		30		5418		5589		10		
455		476		74		0		3302		3420		10		
456		46		227		30		6270		6484		10		
457		316		85		10		2064		2090		10		
458		472		445		30		4465		4585		10		
459		325		119		40		5918		6135		10		
460		326		328		20		3451		3628		10		
461		420		355		20		5713		5754		10		
462		261		237		10		4818		4915		10		
463		25		147		20		3387		3518		10		
464		55		364		0		5842		5938		10		
465		234		468		10		3205		3417		10		
466		259		141		40		5374		5467		10		
467		293		92		20		6743		6824		10		
468		269		172		30		2029		2229		10		
469		18		404		30		2396		2407		10		
470		365		18		20		642		856		10		
471		403		394		40		1888		2036		10		
472		65		153		40		1755		1854		10		
473		395		378		20		2448		2526		10		
474		453		277		10		6440		6469		10		
475		199		70		40		2664		2681		10		
476		128		380		10		2330		2502		10		
477		159		369		30		1530		1660		10		
478		334		3		20		7082		7123		10		
479		229		72		40		4038		4123		10		
480		54		310		40		2773		2858		10		
481		97		412		20		1137		1208		10		
482		121		147		40		6999		7146		10		
483		480		187		20		2066		2095		10		
484		387		454		40		6387		6504		10		
485		211		245		40		5846		6039		10		
486		467		486		40		5659		5788		10		
487		300		71		40		4803		4893		10		
488		81		254		30		3971		4083		10		
489		52		294		30		2369		2429		10		
490		343		364		40		4490		4587		10		
491		299		40		0		6929		7098		10		
492		78		355		30		4453		4489		10		
493		236		331		0		3658		3742		10		
494		465		445		40		2987		3150		10		
495		241		371		20		2354		2401		10		
496		109		303		30		4765		4888		10		
497		266		273		10		6746		6801		10		
498		28		268		20		1191		1316		10		
499		296		258		40		2518		2539		10		
500		456		489		10		3423		3556		10		
501		126		40		0		4314		4412		10		
502		242		44		30		3195		3402		10		
503		453		368		40		1886		1895		10		
504		7		430		20		6724		6852		10		
505		387		496		20		4127		4299		10		
506		147		356		10		860		1013		10		
507		231		155		30		5085		5139		10		
508		334		232		40		6899		7063		10		
509		344		96		0		6561		6784		10		
510		116		456		40		3407		3611		10		
511		198		360		30		6899		7111		10		
512		206		99		40		4326		4448		10		
513		142		301		40		5374		5498		10		
514		171		496		30		5335		5377		10		
515		95		455		10		3538		3703		10		
516		437		349		10		392		561		10		
517		493		342		20		1260		1440		10		
518		355		465		20		5738		5924		10		
519		274		173		20		7142		7199		10		
520		236		384		10		2198		2325		10		
521		53		312		20		7089		7326		10		
522		413		69		30		4534		4627		10		
523		60		434		0		4396		4411		10		
524		249		258		0		6024		6070		10		
525		49		275		20		3062		3126		10		
526		209		436		10		6174		6394		10		
527		79		108		0		807		906		10		
528		481		216		40		5342		5462		10		
529		110		327		20		2183		2326		10		
530		216		164		40		4088		4156		10		
531		453		325		40		1274		1389		10		
532		18		81		40		4172		4199		10		
533		329		321		40		7376		7470		10		
534		219		116		20		1391		1425		10		
535		478		284		0		2846		2919		10		
536		107		485		20		5105		5223		10		
537		116		325		30		1830		1909		10		
538		42		47		40		5181		5330		10		
539		381		491		20		4464		4675		10		
540		418		326		40		6026		6126		10		
541		4		130		0		1701		1830		10		
542		56		227		40		6193		6354		10		
543		360		172		20		909		932		10		
544		84		386		20		3301		3362		10		
545		343		284		0		6440		6535		10		
546		159		293		40		6152		6181		10		
547		177		383		40		4640		4799		10		
548		226		446		20		1445		1586		10		
549		284		426		40		1884		1995		10		
550		284		287		10		4265		4395		10		
551		220		162		40		3896		4025		10		
552		5		490		0		6267		6463		10		
553		65		85		0		938		1172		10		
554		166		239		20		4854		5085		10		
555		484		348		40		5826		5983		10		
556		3		418		30		1091		1228		10		
557		355		56		40		6040		6269		10		
558		104		249		0		6529		6757		10		
559		304		139		10		734		967		10		
560		295		462		20		3153		3298		10		
561		383		306		0		2019		2129		10		
562		80		332		20		4415		4587		10		
563		268		271		30		7369		7409		10		
564		392		23		40		1384		1408		10		
565		398		58		10		4579		4683		10		
566		14		378		40		1902		1931		10		
567		391		346		10		5718		5872		10		
568		120		207		10		5490		5665		10		
569		412		444		20		3135		3290		10		
570		156		466		10		3600		3801		10		
571		20		109		30		3068		3285		10		
572		217		314		30		4536		4610		10		
573		363		152		40		5958		5975		10		
574		420		240		0		5213		5235		10		
575		400		17		20		5553		5737		10		
576		304		493		0		4429		4563		10		
577		347		164		10		2682		2819		10		
578		376		308		0		4900		4952		10		
579		202		130		10		3030		3092		10		
580		129		57		20		3649		3873		10		
581		474		385		0		1722		1803		10		
582		434		346		0		1785		1831		10		
583		456		316		30		6240		6308		10		
584		26		27		10		1678		1884		10		
585		84		359		0		663		702		10		
586		151		413		20		5329		5545		10		
587		112		228		10		6835		6888		10		
588		488		237		40		5252		5288		10		
589		359		199		0		4120		4128		10		
590		229		116		40		5263		5282		10		
591		368		218		10		7174		7353		10		
592		92		496		40		2496		2537		10		
593		351		33		10		2349		2394		10		
594		47		330		30		6311		6490		10		
595		25		456		10		648		675		10		
596		43		259		40		6686		6828		10		
597		380		491		10		2347		2437		10		
598		268		89		30		1621		1824		10		
599		105		102		40		1798		1855		10		
600		133		3		10		3798		3918		10		
601		114		226		10		788		962		10		
602		372		21		0		2325		2402		10		
603		131		39		30		6638		6720		10		
604		32		182		30		583		738		10		
605		203		158		0		5633		5790		10		
606		151		84		10		7230		7409		10		
607		410		12		30		518		561		10		
608		22		406		40		3089		3237		10		
609		149		306		10		2733		2813		10		
610		458		155		40		2255		2288		10		
611		44		363		40		2650		2860		10		
612		457		298		40		1765		1879		10		
613		232		335		10		911		1051		10		
614		143		219		30		6279		6377		10		
615		322		234		30		4764		4843		10		
616		135		177		30		2925		3006		10		
617		273		225		20		6727		6833		10		
618		435		67		40		3738		3763		10		
619		380		302		40		2563		2584		10		
620		165		49		20		4583		4722		10		
621		116		492		20		5846		5959		10		
622		139		121		40		6188		6349		10		
623		394		249		40		555		767		10		
624		223		478		20		1897		2057		10		
625		370		414		10		5700		5916		10		
626		311		335		10		1300		1360		10		
627		205		4		40		1675		1817		10		
628		11		287		30		3805		3998		10		
629		476		215		10		259		371		10		
630		339		468		20		3101		3333		10		
631		103		282		20		181		285		10		
632		194		135		10		1044		1237		10		
633		492		119		20		1174		1398		10		
634		79		251		30		937		1137		10		
635		71		142		20		664		676		10		
636		131		371		0		5546		5571		10		
637		423		240		20		3208		3214		10		
638		265		290		10		1740		1828		10		
639		82		354		40		5294		5466		10		
640		329		289		10		249		415		10		
641		243		112		10		2055		2269		10		
642		294		98		0		7063		7273		10		
643		481		450		30		848		921		10		
644		482		109		30		5907		5958		10		
645		52		23		40		1458		1579		10		
646		204		308		0		4677		4837		10		
647		72		231		0		5473		5539		10		
648		485		415		0		2053		2125		10		
649		257		5		10		5966		6089		10		
650		20		354		40		3683		3792		10		
651		303		484		20		1021		1133		10		
652		92		30		10		2837		2980		10		
653		114		401		20		1950		2142		10		
654		319		210		20		150		381		10		
655		45		264		10		6843		7023		10		
656		96		454		20		6207		6312		10		
657		102		211		40		6008		6044		10		
658		249		443		10		2148		2289		10		
659		344		289		30		4091		4275		10		
660		325		464		30		1866		1964		10		
661		93		213		0		2278		2473		10		
662		394		72		20		2088		2119		10		
663		246		114		30		1224		1239		10		
664		284		449		40		7267		7398		10		
665		168		476		30		4102		4234		10		
666		350		55		30		4239		4325		10		
667		284		87		0		1700		1832		10		
668		454		33		40		652		819		10		
669		73		312		20		6152		6302		10		
670		1		457		30		2914		3104		10		
671		33		90		40		3420		3479		10		
672		267		150		20		2917		3096		10		
673		419		416		0		1677		1876		10		
674		74		465		20		4473		4708		10		
675		181		219		30		2020		2027		10		
676		303		468		20		358		498		10		
677		30		222		10		5811		5994		10		
678		205		456		40		1826		1864		10		
679		252		252		30		5494		5536		10		
680		372		160		30		4906		4983		10		
681		367		438		30		1869		2018		10		
682		34		389		30		6337		6380		10		
683		480		133		40		836		998		10		
684		293		57		0		6026		6250		10		
685		418		231		30		4539		4568		10		
686		38		257		10		2539		2583		10		
687		414		211		0		4612		4741		10		
688		337		302		20		928		1146		10		
689		324		233		10		3011		3064		10		
690		102		40		10		6813		6864		10		
691		70		406		20		2829		3025		10		
692		362		299		40		5011		5199		10		
693		327		132		30		589		821		10		
694		182		442		30		4861		5079		10		
695		39		198		30		6304		6488		10		
696		69		274		0		6790		6937		10		
697		348		402		10		274		352		10		
698		442		434		20		6821		6895		10		
699		396		194		0		3221		3267		10		
700		349		57		30		4150		4343		10		
701		186		43		10		3683		3895		10		
702		413		363		30		7108		7158		10		
703		234		397		30		6341		6456		10		
704		98		91		30		4609		4724		10		
705		377		472		30		6340		6430		10		
706		287		100		20		5635		5663		10		
707		115		70		0		3137		3349		10		
708		373		126		0		1917		2086		10		
709		410		204		30		7274		7427		10		
710		405		429		30		2300		2432		10		
711		0		478		0		6558		6773		10		
712		75		249		30		3919		3930		10		
713		35		393		20		1637		1722		10		
714		82		449		20		3816		3963		10		
715		479		264		0		5395		5534		10		
716		35		492		0		2834		2898		10		
717		20		234		0		738		767		10		
718		34		161		40		2549		2632		10		
719		445		327		40		6170		6282		10		
720		190		192		30		2561		2690		10		
721		337		419		10		1564		1685		10		
722		77		121		40		5895		6032		10		
723		356		70		10		4589		4643		10		
724		380		167		20		2785		3000		10		
725		280		332		0		6145		6276		10		
726		394		238		0		5912		6047		10		
727		113		321		10		947		970		10		
728		202		499		30		2107		2123		10		
729		1		428		0		5436		5491		10		
730		211		455		40		6711		6826		10		
731		7		318		20		5167		5381		10		
732		263		224		30		3639		3773		10		
733		165		402		20		2157		2302		10		
734		83		390		10		2270		2430		10		
735		374		94		20		1150		1165		10		
736		213		232		0		1160		1341		10		
737		26		481		0		3963		4101		10		
738		478		356		0		6094		6168		10		
739		199		416		10		6016		6034		10		
740		134		482		40		6013		6134		10		
741		88		178		20		1802		1947		10		
742		96		421		0		1215		1366		10		
743		68		472		20		988		1211		10		
744		465		0		40		5485		5666		10		
745		484		376		30		5488		5561		10		
746		419		94		10		3379		3567		10		
747		58		496		20		5159		5285		10		
748		481		439		20		5078		5298		10		
749		230		472		30		5306		5321		10		
750		6		388		0		1025		1231		10		
751		124		176		30		3184		3210		10		
752		72		13		10		6619		6772		10		
753		117		182		10		2732		2754		10		
754		248		492		0		5143		5355		10		
755		137		423		0		6007		6149		10		
756		124		393		10		5056		5159		10		
757		138		115		40		2139		2305		10		
758		245		66		10		5098		5289		10		
759		361		215		20		5473		5588		10		
760		80		48		20		4114		4342		10		
761		362		213		20		5434		5652		10		
762		312		350		20		2056		2286		10		
763		28		280		20		3001		3206		10		
764		267		300		20		6646		6882		10		
765		189		255		20		2699		2837		10		
766		494		311		20		5151		5294		10		
767		451		145		0		2614		2783		10		
768		201		92		10		877		899		10		
769		39		35		20		1882		1981		10		
770		432		443		0		1817		1945		10		
771		245		204		10		7562		7624		10		
772		444		151		40		6568		6592		10		
773		145		97		20		6913		7137		10		
774		52		348		40		647		660		10		
775		491		431		20		5368		5422		10		
776		61		196		40		1159		1224		10		
777		476		349		40		2144		2283		10		
778		126		191		40		2287		2306		10		
779		110		33		0		2795		2998		10		
780		413		139		30		6396		6495		10		
781		418		163		10		3884		3922		10		
782		192		459		30		4975		5025		10		
783		75		21		10		5373		5422		10		
784		218		414		20		3492		3549		10		
785		71		293		10		2423		2563		10		
786		327		408		40		4860		5018		10		
787		286		222		0		7429		7586		10		
788		499		183		10		389		604		10		
789		458		384		40		7090		7323		10		
790		31		42		10		2553		2626		10		
791		160		218		20		3210		3345		10		
792		294		348		40		2304		2498		10		
793		40		493		0		3517		3570		10		
794		157		228		0		2298		2350		10		
795		450		23		0		1188		1239		10		
796		70		201		0		1185		1210		10		
797		56		355		10		4888		5013		10		
798		340		300		10		2616		2795		10		
799		39		327		0		5213		5430		10		
800		59		36		20		2797		2851		10		
801		230		430		10		3658		3723		10		
802		229		435		40		6481		6495		10		
803		188		290		30		157		370		10		
804		8		363		30		2315		2458		10		
805		460		226		20		5457		5560		10		
806		346		390		10		7291		7408		10		
807		479		318		20		4074		4131		10		
808		17		455		10		4286		4519		10		
809		200		240		40		1511		1586		10		
810		313		153		10		6516		6646		10		
811		177		291		10		2399		2528		10		
812		410		244		30		2264		2426		10		
813		283		406		20		3364		3532		10		
814		271		414		20		5715		5903		10		
815		389		230		10		7020		7063		10		
816		177		61		20		5352		5469		10		
817		254		249		40		6043		6156		10		
818		282		425		40		6564		6675		10		
819		65		373		40		6342		6525		10		
820		84		465		40		2903		3113		10		
821		12		176		0		4664		4708		10		
822		133		323		20		6803		6976		10		
823		135		120		10		4459		4505		10		
824		16		182		20		735		843		10		
825		436		101		20		4245		4395		10		
826		156		59		30		7197		7282		10		
827		85		1		20		2432		2644		10		
828		89		112		0		3610		3845		10		
829		85		294		30		6272		6316		10		
830		271		253		0		3077		3308		10		
831		209		362		10		2934		2986		10		
832		162		426		20		7282		7377		10		
833		369		439		40		6448		6536		10		
834		37		437		20		3682		3796		10		
835		278		374		0		6752		6773		10		
836		38		471		30		1437		1508		10		
837		48		333		10		6002		6135		10		
838		490		292		0		5918		5976		10		
839		295		63		0		5720		5899		10		
840		227		302		0		4395		4477		10		
841		357		37		30		1881		1941		10		
842		365		403		20		6526		6584		10		
843		187		81		0		2750		2835		10		
844		435		305		20		543		694		10		
845		214		156		10		4552		4593		10		
846		164		289		10		3704		3845		10		
847		181		355		40		2822		2951		10		
848		184		473		40		1147		1364		10		
849		400		81		30		6712		6789		10		
850		283		28		30		890		1094		10		
851		272		416		40		2886		3103		10		
852		129		292		40		3223		3324		10		
853		199		257		0		6643		6816		10		
854		220		395		40		5387		5602		10		
855		244		96		40		757		966		10		
856		480		193		10		5807		5919		10		
857		19		239		40		4131		4246		10		
858		359		357		20		830		1010		10		
859		172		241		10		5721		5781		10		
860		405		463		40		5358		5522		10		
861		276		141		0		6279		6337		10		
862		58		386		40		1021		1036		10		
863		39		394		10		6328		6459		10		
864		343		28		10		1430		1588		10		
865		302		446		0		3978		4069		10		
866		353		326		40		4494		4639		10		
867		28		471		40		6127		6352		10		
868		27		481		20		2506		2676		10		
869		62		349		10		2651		2675		10		
870		161		289		10		2367		2555		10		
871		71		177		40		536		702		10		
872		126		257		0		2667		2810		10		
873		208		369		20		986		1076		10		
874		305		232		40		4766		4821		10		
875		499		197		40		788		957		10		
876		19		151		20		3334		3378		10		
877		250		175		10		2544		2612		10		
878		498		182		30		7251		7405		10		
879		26		191		20		3220		3441		10		
880		345		132		0		1386		1607		10		
881		178		376		10		4940		5105		10		
882		165		117		0		3871		3915		10		
883		238		38		30		2761		2830		10		
884		1		480		30		1542		1745		10		
885		481		71		0		1934		2009		10		
886		201		309		0		6745		6940		10		
887		471		339		20		3641		3648		10		
888		290		323		20		780		879		10		
889		352		257		20		6798		6867		10		
890		230		427		10		211		367		10		
891		453		329		30		7033		7073		10		
892		129		459		40		2488		2599		10		
893		181		105		30		2085		2304		10		
894		448		92		20		3219		3384		10		
895		234		130		30		6606		6653		10		
896		199		190		10		7362		7369		10		
897		266		7		10		3939		4099		10		
898		427		271		20		5040		5056		10		
899		228		188		0		4257		4448		10		
900		274		80		40		2320		2357		10		
901		294		461		10		1773		1831		10		
902		466		262		20		679		822		10		
903		307		192		20		6099		6243		10		
904		439		50		10		2281		2388		10		
905		265		386		20		1315		1352		10		
906		87		269		20		6057		6105		10		
907		431		441		10		5395		5568		10		
908		460		385		0		6015		6123		10		
909		267		442		10		7066		7280		10		
910		422		55		20		2467		2541		10		
911		81		242		10		1318		1497		10		
912		62		226		30		1468		1594		10		
913		352		416		20		5878		5910		10		
914		397		496		40		6039		6137		10		
915		436		318		10		677		774		10		
916		385		336		20		7053		7142		10		
917		369		145		0		520		679		10		
918		424		301		40		2574		2677		10		
919		269		3		0		5243		5366		10		
920		340		223		20		865		1091		10		
921		420		220		40		3376		3465		10		
922		246		30		40		3832		3867		10		
923		491		133		0		4423		4489		10		
924		242		397		0		4504		4580		10		
925		463		92		10		6251		6267		10		
926		246		401		30		2986		3210		10		
927		290		141		40		220		316		10		
928		130		11		10		5684		5707		10		
929		457		454		40		1757		1960		10		
930		152		211		10		2435		2657		10		
931		306		0		10		4967		5139		10		
932		284		290		20		812		896		10		
933		446		111		40		7161		7299		10		
934		120		87		0		5995		6165		10		
935		286		227		0		5430		5456		10		
936		167		167		10		2514		2665		10		
937		369		408		40		4110		4174		10		
938		235		110		10		6083		6266		10		
939		56		181		10		6483		6568		10		
940		174		238		0		6071		6179		10		
941		150		4		30		1732		1897		10		
942		112		304		40		6111		6182		10		
943		125		268		30		2574		2718		10		
944		130		163		30		1998		2171		10		
945		100		298		40		4193		4301		10		
946		0		59		40		7150		7320		10		
947		238		61		40		4265		4445		10		
948		173		196		20		4939		4979		10		
949		328		422		20		4009		4209		10		
950		34		23		30		4671		4753		10		
951		120		199		20		6829		7046		10		
952		436		449		10		4669		4855		10		
953		289		423		0		438		538		10		
954		137		494		0		6095		6208		10		
955		249		345		40		6234		6362		10		
956		231		217		0		3262		3427		10		
957		303		230		10		6326		6367		10		
958		330		397		10		3760		3895		10		
959		92		137		20		5091		5256		10		
960		126		204		40		5211		5321		10		
961		7		232		0		924		1093		10		
962		76		92		10		3366		3579		10		
963		226		448		40		5457		5636		10		
964		123		270		10		4156		4275		10		
965		309		224		10		2561		2759		10		
966		478		275		40		5809		6021		10		
967		204		185		40		2167		2335		10		
968		237		476		0		5060		5153		10		
969		127		68		30		2293		2338		10		
970		336		75		20		1020		1153		10		
971		113		223		40		978		985		10		
972		448		235		0		2770		2825		10		
973		100		368		40		5025		5258		10		
974		264		232		20		811		894		10		
975		389		182		0		802		983		10		
976		305		275		0		6222		6282		10		
977		269		470		0		239		344		10		
978		277		265		30		7202		7347		10		
979		216		3		30		4261		4498		10		
980		242		48		40		5862		6078		10		
981		482		149		40		3376		3468		10		
982		480		204		20		3862		3977		10		
983		415		185		30		2467		2541		10		
984		347		92		30		454		519		10		
985		442		397		30		1598		1743		10		
986		345		156		10		396		519		10		
987		338		85		10		2012		2035		10		
988		165		372		20		4548		4615		10		
989		51		208		0		2309		2349		10		
990		173		152		0		502		538		10		
991		466		372		30		6823		6895		10		
992		112		181		40		6553		6643		10		
993		442		115		30		6155		6384		10		
994		465		375		10		817		825		10		
995		129		96		30		1514		1529		10		
996		156		160		0		2855		2967		10		
997		421		17		20		3859		3907		10		
998		406		230		20		2369		2466		10		
999		297		443		0		1463		1548		10		
1000		49		382		10		4293		4365		10		
