R2_10_12

VEHICLE
NUMBER     CAPACITY
250	1000

CUSTOMER
CUST NO.	XCOORD.	YCOORD.	DEMAND	READY TIME	DUE DATE	SERVICE TIME

0		250		250		0		0		7697		0		
1		15		116		0		3791		3870		10		
2		262		253		10		1034		1233		10		
3		482		18		30		1491		1691		10		
4		139		461		0		1254		1312		10		
5		233		422		40		208		327		10		
6		459		271		0		3661		3834		10		
7		25		240		40		320		527		10		
8		433		10		0		2022		2107		10		
9		474		328		10		5865		5873		10		
10		301		138		30		138		209		10		
11		464		482		0		3506		3600		10		
12		288		73		0		2158		2270		10		
13		318		475		20		2045		2236		10		
14		124		106		10		6435		6505		10		
15		460		476		0		2611		2629		10		
16		466		160		40		4949		5102		10		
17		447		312		30		2185		2353		10		
18		93		96		30		1177		1196		10		
19		99		299		0		3757		3772		10		
20		119		350		20		2472		2662		10		
21		31		372		0		5099		5282		10		
22		316		177		20		5227		5410		10		
23		221		481		0		6353		6413		10		
24		121		333		0		6997		7156		10		
25		142		227		10		2721		2866		10		
26		325		22		20		2417		2652		10		
27		160		35		0		6842		6917		10		
28		64		16		40		5362		5510		10		
29		104		205		40		6513		6570		10		
30		80		192		40		2611		2794		10		
31		327		198		40		6586		6761		10		
32		418		212		10		217		291		10		
33		349		480		0		856		1057		10		
34		15		416		20		3303		3490		10		
35		222		155		30		918		1012		10		
36		223		331		20		527		616		10		
37		96		229		10		4443		4651		10		
38		29		135		10		5270		5481		10		
39		223		272		0		112		235		10		
40		277		126		30		5510		5629		10		
41		49		346		20		6325		6415		10		
42		345		247		10		3503		3693		10		
43		14		435		30		1173		1249		10		
44		228		153		10		2548		2588		10		
45		255		32		30		4650		4877		10		
46		249		456		20		6222		6238		10		
47		239		218		40		1886		1978		10		
48		384		286		40		705		780		10		
49		216		113		20		5056		5073		10		
50		466		343		10		3099		3318		10		
51		51		85		40		5390		5498		10		
52		237		204		30		6806		7029		10		
53		419		373		40		982		1080		10		
54		485		197		0		5264		5309		10		
55		438		30		40		5495		5644		10		
56		362		336		0		2766		2863		10		
57		55		379		10		1449		1506		10		
58		375		8		40		3697		3903		10		
59		377		8		30		5469		5546		10		
60		209		57		0		4400		4616		10		
61		447		211		30		4276		4295		10		
62		107		439		10		3621		3801		10		
63		440		29		0		5084		5123		10		
64		3		180		20		4830		4900		10		
65		402		490		0		579		776		10		
66		272		122		30		1371		1396		10		
67		81		467		10		5149		5197		10		
68		124		75		0		4365		4425		10		
69		424		249		0		6544		6662		10		
70		469		34		20		3331		3522		10		
71		149		96		20		6959		6985		10		
72		207		474		30		4275		4509		10		
73		364		16		0		1628		1842		10		
74		400		288		30		1403		1531		10		
75		233		481		10		7366		7425		10		
76		264		472		10		4352		4564		10		
77		1		171		20		6228		6378		10		
78		268		480		20		2513		2580		10		
79		374		221		10		313		360		10		
80		212		32		0		896		918		10		
81		140		65		0		5130		5230		10		
82		409		34		0		3172		3224		10		
83		127		44		10		626		785		10		
84		83		381		20		5193		5239		10		
85		56		465		40		1306		1467		10		
86		204		93		30		723		931		10		
87		139		30		30		5878		5894		10		
88		308		429		0		6130		6232		10		
89		255		62		10		698		927		10		
90		499		231		30		2978		3034		10		
91		302		122		10		1886		2059		10		
92		429		21		0		7126		7132		10		
93		295		450		0		1592		1661		10		
94		169		387		10		4592		4767		10		
95		481		374		20		2316		2545		10		
96		324		226		10		6984		7186		10		
97		348		388		0		1052		1167		10		
98		19		55		10		6655		6836		10		
99		176		273		30		449		627		10		
100		296		119		40		5525		5571		10		
101		348		8		30		3304		3459		10		
102		433		491		0		346		579		10		
103		435		3		10		3028		3081		10		
104		37		489		20		6397		6430		10		
105		35		348		40		736		841		10		
106		31		48		30		5365		5584		10		
107		41		376		10		6062		6118		10		
108		446		84		30		1632		1799		10		
109		134		265		0		2876		3088		10		
110		3		373		40		5265		5388		10		
111		213		466		40		267		346		10		
112		202		112		40		4727		4733		10		
113		150		445		30		6280		6290		10		
114		328		255		40		6419		6470		10		
115		175		108		30		4586		4778		10		
116		308		151		20		2870		3095		10		
117		280		371		30		5238		5361		10		
118		454		351		20		6537		6668		10		
119		471		191		40		478		709		10		
120		26		243		40		917		1012		10		
121		472		6		10		418		626		10		
122		141		408		0		2755		2792		10		
123		57		85		10		1997		2137		10		
124		13		411		40		1151		1292		10		
125		139		211		30		277		407		10		
126		202		465		0		4561		4629		10		
127		338		135		0		5569		5784		10		
128		162		341		0		4833		4989		10		
129		481		179		20		2994		3017		10		
130		91		249		40		1432		1600		10		
131		389		417		0		2599		2736		10		
132		15		282		40		4785		4927		10		
133		255		477		0		3106		3292		10		
134		351		135		40		5945		6170		10		
135		180		179		20		2146		2165		10		
136		424		248		40		5071		5117		10		
137		219		58		20		5736		5833		10		
138		289		477		20		6060		6221		10		
139		385		64		10		3681		3783		10		
140		6		76		0		2539		2688		10		
141		141		195		40		7284		7462		10		
142		389		252		0		1091		1195		10		
143		211		417		20		3656		3696		10		
144		228		208		30		6886		6918		10		
145		360		134		10		2174		2270		10		
146		107		416		20		2817		2902		10		
147		316		225		10		5566		5696		10		
148		417		470		40		1016		1197		10		
149		443		260		0		2164		2225		10		
150		246		419		10		6708		6719		10		
151		412		204		40		7177		7227		10		
152		94		116		20		2019		2092		10		
153		428		90		20		3857		3998		10		
154		365		226		40		2186		2340		10		
155		66		157		30		1515		1548		10		
156		469		369		30		3158		3386		10		
157		180		451		30		3616		3762		10		
158		484		372		10		4368		4486		10		
159		136		396		30		4673		4694		10		
160		410		166		10		6993		7097		10		
161		454		324		0		3812		3867		10		
162		113		451		0		2446		2634		10		
163		326		474		20		4040		4168		10		
164		43		392		20		3670		3728		10		
165		219		53		30		996		1180		10		
166		86		213		30		6411		6465		10		
167		161		440		40		265		343		10		
168		28		309		30		5226		5322		10		
169		295		171		20		3653		3698		10		
170		329		452		20		4118		4289		10		
171		347		363		0		5634		5742		10		
172		471		43		40		3522		3712		10		
173		248		227		20		88		254		10		
174		176		354		10		873		922		10		
175		484		82		10		2314		2512		10		
176		114		298		10		3939		4123		10		
177		422		29		30		924		931		10		
178		382		169		20		3537		3657		10		
179		186		241		20		4027		4114		10		
180		113		137		30		2177		2261		10		
181		107		31		0		3307		3452		10		
182		428		341		40		3885		4089		10		
183		156		322		20		6457		6476		10		
184		312		353		40		5498		5714		10		
185		371		398		10		832		870		10		
186		45		159		40		4924		4953		10		
187		12		194		40		1631		1745		10		
188		234		27		30		1062		1251		10		
189		145		408		10		4768		4907		10		
190		85		386		20		1898		2068		10		
191		218		5		40		3758		3870		10		
192		27		387		10		6394		6434		10		
193		31		235		0		6250		6420		10		
194		145		398		20		989		1190		10		
195		488		291		20		6974		6989		10		
196		331		422		30		6931		7080		10		
197		156		291		30		1994		2037		10		
198		146		22		30		6973		7129		10		
199		170		212		40		914		933		10		
200		74		463		20		5355		5463		10		
201		170		207		20		176		412		10		
202		74		472		20		962		1114		10		
203		303		459		20		7331		7436		10		
204		239		191		0		704		929		10		
205		234		381		30		1556		1749		10		
206		84		89		30		2179		2188		10		
207		302		215		10		1017		1152		10		
208		198		198		10		4090		4324		10		
209		117		319		40		2052		2115		10		
210		211		105		40		1120		1207		10		
211		200		306		20		4165		4256		10		
212		223		344		20		4986		5013		10		
213		300		366		40		775		837		10		
214		466		484		10		1114		1146		10		
215		294		37		10		2754		2986		10		
216		316		93		0		2557		2572		10		
217		331		96		0		2672		2741		10		
218		430		469		30		5154		5302		10		
219		391		18		0		604		618		10		
220		456		127		40		6680		6861		10		
221		253		242		0		6571		6694		10		
222		425		59		40		721		750		10		
223		323		489		30		6380		6405		10		
224		160		134		10		823		994		10		
225		372		80		10		4505		4579		10		
226		88		235		20		4747		4909		10		
227		107		361		10		1659		1850		10		
228		90		109		30		6460		6635		10		
229		321		87		40		6339		6502		10		
230		289		64		30		4328		4381		10		
231		18		259		40		4758		4914		10		
232		259		316		0		3993		4079		10		
233		389		287		10		348		536		10		
234		253		458		20		1903		2023		10		
235		52		59		10		3873		4015		10		
236		55		409		30		1277		1286		10		
237		411		39		20		6903		7140		10		
238		373		165		20		635		686		10		
239		297		94		30		6416		6614		10		
240		170		448		0		2807		2816		10		
241		187		101		40		6317		6532		10		
242		147		486		40		2412		2536		10		
243		176		241		20		6352		6468		10		
244		36		261		0		3407		3493		10		
245		249		407		10		5286		5437		10		
246		67		419		30		1151		1371		10		
247		203		382		40		7031		7222		10		
248		140		207		20		2284		2410		10		
249		208		444		20		4203		4223		10		
250		464		294		0		538		607		10		
251		74		308		30		4594		4806		10		
252		171		235		20		2235		2248		10		
253		163		415		0		2174		2310		10		
254		23		312		0		2266		2346		10		
255		96		228		40		7448		7464		10		
256		142		165		30		5192		5429		10		
257		268		333		30		4940		4991		10		
258		185		457		40		1939		2009		10		
259		364		235		10		2803		2867		10		
260		473		78		0		4711		4754		10		
261		166		300		0		1833		1871		10		
262		487		205		10		6508		6694		10		
263		99		145		0		1669		1810		10		
264		384		451		30		939		955		10		
265		381		273		30		4730		4742		10		
266		187		300		30		3318		3419		10		
267		264		270		30		1766		1871		10		
268		141		367		40		2630		2759		10		
269		17		413		10		3697		3928		10		
270		368		444		0		3348		3505		10		
271		92		350		30		4135		4200		10		
272		195		26		10		6500		6592		10		
273		146		159		0		220		421		10		
274		289		482		20		3109		3216		10		
275		126		205		30		1080		1218		10		
276		391		381		30		3389		3553		10		
277		6		450		20		6002		6064		10		
278		40		487		40		2951		2999		10		
279		186		423		10		2813		2942		10		
280		263		412		20		6875		7083		10		
281		369		344		30		950		1056		10		
282		119		190		30		7481		7532		10		
283		34		353		40		4628		4746		10		
284		227		61		0		7146		7357		10		
285		257		429		0		1150		1366		10		
286		416		430		30		2406		2634		10		
287		59		429		40		2101		2126		10		
288		163		84		20		3676		3778		10		
289		396		1		0		6726		6862		10		
290		194		110		10		4200		4367		10		
291		95		29		10		3790		3943		10		
292		353		441		0		2150		2223		10		
293		362		369		30		333		401		10		
294		199		199		30		1122		1174		10		
295		433		19		0		1661		1744		10		
296		482		80		20		1382		1417		10		
297		66		33		30		4305		4436		10		
298		301		492		10		6045		6051		10		
299		50		52		10		6032		6161		10		
300		142		34		0		5676		5790		10		
301		415		450		30		5788		5819		10		
302		468		428		20		1189		1343		10		
303		130		308		40		1235		1408		10		
304		237		317		30		3122		3181		10		
305		208		126		20		6704		6867		10		
306		422		187		20		6822		7036		10		
307		434		276		30		4910		4982		10		
308		135		239		10		4404		4629		10		
309		257		77		30		428		612		10		
310		389		228		0		6397		6585		10		
311		284		264		0		5784		5988		10		
312		178		61		0		6223		6278		10		
313		186		374		0		4385		4472		10		
314		466		383		20		4531		4644		10		
315		299		1		10		2526		2540		10		
316		330		297		30		3287		3371		10		
317		446		343		20		4619		4808		10		
318		230		71		20		7052		7080		10		
319		158		366		30		275		342		10		
320		439		357		40		2968		3076		10		
321		398		191		30		3570		3752		10		
322		236		236		30		2987		3064		10		
323		489		40		10		4207		4271		10		
324		151		349		10		5162		5304		10		
325		377		144		10		4669		4717		10		
326		197		171		0		3198		3297		10		
327		135		230		40		4443		4655		10		
328		133		17		30		6948		7088		10		
329		262		236		40		2320		2446		10		
330		202		429		20		1040		1126		10		
331		159		62		40		4410		4637		10		
332		161		152		20		7438		7541		10		
333		266		181		30		4673		4868		10		
334		316		298		30		1050		1056		10		
335		311		175		40		523		703		10		
336		134		89		20		265		327		10		
337		233		385		10		3532		3642		10		
338		310		3		30		4392		4488		10		
339		296		417		10		1119		1321		10		
340		66		182		10		726		812		10		
341		208		385		40		5221		5329		10		
342		180		243		0		2622		2752		10		
343		319		475		20		5563		5745		10		
344		258		281		10		7488		7552		10		
345		185		410		30		6911		7000		10		
346		451		487		10		2242		2271		10		
347		412		462		10		6437		6604		10		
348		448		428		30		4938		4978		10		
349		20		424		40		6587		6656		10		
350		218		263		30		2115		2148		10		
351		363		140		20		6947		7032		10		
352		433		318		0		4780		4848		10		
353		418		133		0		5879		6096		10		
354		94		323		0		909		970		10		
355		199		376		20		2247		2419		10		
356		55		269		0		3955		4168		10		
357		195		270		40		3865		4065		10		
358		359		263		10		4669		4687		10		
359		293		362		0		1997		2221		10		
360		282		171		0		3847		3933		10		
361		405		203		10		5224		5364		10		
362		94		440		0		6236		6387		10		
363		140		248		0		6755		6973		10		
364		396		265		0		2790		2861		10		
365		206		394		30		7197		7301		10		
366		91		476		40		6862		7010		10		
367		118		369		20		6395		6622		10		
368		250		104		20		495		641		10		
369		283		305		20		1121		1286		10		
370		451		7		20		5687		5752		10		
371		352		221		30		3429		3506		10		
372		17		447		10		5498		5641		10		
373		292		351		0		3191		3393		10		
374		310		415		0		3001		3041		10		
375		122		243		10		3334		3404		10		
376		297		204		30		3968		4098		10		
377		311		406		40		2045		2073		10		
378		29		475		20		3044		3174		10		
379		232		78		0		1495		1694		10		
380		461		269		40		1002		1122		10		
381		384		167		0		5358		5570		10		
382		262		95		0		4598		4759		10		
383		432		281		10		4058		4217		10		
384		74		469		30		1297		1495		10		
385		123		68		0		5175		5356		10		
386		310		140		30		4367		4439		10		
387		340		156		40		2440		2595		10		
388		45		393		40		7056		7211		10		
389		220		140		0		4578		4739		10		
390		26		101		0		904		964		10		
391		454		486		0		3859		3970		10		
392		455		414		0		3943		4168		10		
393		451		408		0		5644		5723		10		
394		323		162		20		1895		1912		10		
395		395		40		30		2343		2400		10		
396		271		146		30		1356		1531		10		
397		499		119		20		3046		3102		10		
398		55		472		30		6697		6882		10		
399		431		448		20		6316		6507		10		
400		331		68		0		3187		3345		10		
401		282		208		30		2623		2702		10		
402		178		385		0		7406		7482		10		
403		2		389		30		3611		3688		10		
404		136		166		30		5701		5862		10		
405		418		81		20		1549		1759		10		
406		280		454		30		2511		2575		10		
407		244		139		0		4232		4378		10		
408		300		449		10		4881		5057		10		
409		344		177		20		1912		1990		10		
410		68		212		10		2359		2380		10		
411		106		234		10		662		836		10		
412		12		334		20		4460		4624		10		
413		63		496		20		5300		5513		10		
414		255		494		40		6281		6476		10		
415		289		70		30		1379		1597		10		
416		165		218		30		1568		1685		10		
417		377		466		20		3649		3785		10		
418		131		77		10		4659		4765		10		
419		417		295		30		4387		4528		10		
420		401		242		0		3831		4021		10		
421		84		232		0		1904		2108		10		
422		329		33		20		5665		5809		10		
423		491		105		20		3306		3356		10		
424		148		469		20		3028		3174		10		
425		275		136		0		3723		3736		10		
426		482		405		10		2687		2745		10		
427		419		219		20		3815		3874		10		
428		183		446		20		3834		3969		10		
429		473		326		30		5322		5547		10		
430		488		28		0		6184		6290		10		
431		24		316		0		6519		6584		10		
432		100		482		30		6165		6198		10		
433		397		9		10		6327		6464		10		
434		190		178		10		3457		3643		10		
435		192		415		30		5968		6023		10		
436		43		237		40		3097		3153		10		
437		274		58		0		1401		1417		10		
438		240		223		20		4831		4971		10		
439		445		131		0		1765		2000		10		
440		42		425		10		3387		3465		10		
441		138		246		30		7033		7134		10		
442		319		131		0		5484		5711		10		
443		215		80		20		6773		6843		10		
444		463		230		40		6817		6831		10		
445		467		297		40		325		434		10		
446		322		419		20		2371		2482		10		
447		74		359		0		5040		5245		10		
448		103		111		30		982		1071		10		
449		260		449		30		2751		2885		10		
450		176		148		40		3922		4150		10		
451		104		477		30		2007		2044		10		
452		25		104		40		4451		4631		10		
453		158		76		30		1014		1120		10		
454		48		61		30		5764		5959		10		
455		146		203		20		6989		7077		10		
456		380		165		0		5667		5755		10		
457		292		322		10		5143		5322		10		
458		83		407		10		6310		6388		10		
459		295		345		40		1095		1107		10		
460		135		460		0		4379		4389		10		
461		280		284		20		2719		2864		10		
462		111		62		10		5708		5740		10		
463		483		444		0		1988		2093		10		
464		461		304		40		2973		3033		10		
465		329		37		40		4463		4493		10		
466		386		497		20		6670		6894		10		
467		7		467		20		6440		6551		10		
468		18		149		40		6962		6968		10		
469		237		206		0		7233		7438		10		
470		1		468		40		2429		2527		10		
471		334		159		10		7489		7562		10		
472		228		217		40		3039		3060		10		
473		418		486		40		1034		1168		10		
474		210		337		20		2927		3135		10		
475		290		27		10		3934		4084		10		
476		326		407		40		582		620		10		
477		436		65		30		1463		1631		10		
478		257		121		30		284		348		10		
479		147		313		30		5778		6004		10		
480		138		62		40		6110		6178		10		
481		247		437		30		4870		4949		10		
482		162		392		0		5428		5606		10		
483		86		243		20		2159		2394		10		
484		463		322		30		4563		4650		10		
485		321		176		30		849		1035		10		
486		324		311		10		1508		1563		10		
487		94		159		40		6347		6369		10		
488		39		462		20		5026		5100		10		
489		172		227		20		5293		5349		10		
490		487		26		10		5884		5989		10		
491		96		285		40		6873		6903		10		
492		205		130		40		4943		5083		10		
493		339		486		30		765		901		10		
494		255		283		30		1180		1405		10		
495		314		368		40		2267		2470		10		
496		57		218		20		3346		3363		10		
497		142		103		40		3841		3920		10		
498		193		339		30		7014		7033		10		
499		33		153		0		3963		4027		10		
500		231		220		10		4352		4490		10		
501		483		393		0		2359		2383		10		
502		406		122		0		257		274		10		
503		284		24		0		5726		5871		10		
504		471		253		0		3761		3909		10		
505		363		363		0		2901		3010		10		
506		431		108		30		1946		1988		10		
507		9		176		30		2556		2689		10		
508		462		30		40		1057		1066		10		
509		343		274		30		1373		1571		10		
510		191		462		40		6953		6997		10		
511		200		491		30		649		681		10		
512		421		120		30		4936		5154		10		
513		461		168		20		3911		4077		10		
514		37		303		40		3769		3801		10		
515		157		103		20		1486		1643		10		
516		186		370		0		4187		4314		10		
517		95		20		30		2707		2910		10		
518		188		422		20		3077		3083		10		
519		105		11		0		3095		3262		10		
520		155		396		0		5580		5754		10		
521		308		152		0		4431		4561		10		
522		381		418		40		6856		7072		10		
523		72		10		40		6794		6820		10		
524		458		138		40		3441		3533		10		
525		384		409		40		752		761		10		
526		274		286		30		2642		2786		10		
527		222		230		10		4650		4683		10		
528		143		316		20		7073		7082		10		
529		458		428		40		5199		5327		10		
530		388		162		20		7213		7230		10		
531		124		45		40		1415		1649		10		
532		298		412		20		1368		1571		10		
533		230		151		40		6740		6906		10		
534		335		441		30		705		923		10		
535		338		320		20		6288		6480		10		
536		363		498		0		874		1007		10		
537		393		190		30		5454		5475		10		
538		437		334		10		6774		6973		10		
539		78		327		10		1844		2046		10		
540		152		2		40		3316		3323		10		
541		56		180		0		3847		3993		10		
542		12		401		0		450		672		10		
543		93		156		30		6033		6223		10		
544		446		475		0		6997		7122		10		
545		177		491		30		4026		4060		10		
546		59		76		40		5373		5428		10		
547		448		400		40		6229		6324		10		
548		17		451		40		6192		6347		10		
549		426		199		0		2338		2507		10		
550		484		310		40		4049		4121		10		
551		242		394		10		430		661		10		
552		33		76		40		2231		2462		10		
553		120		392		20		5502		5651		10		
554		323		484		0		5009		5147		10		
555		11		131		40		929		1020		10		
556		87		55		40		3536		3699		10		
557		71		419		20		3927		4068		10		
558		125		34		40		4353		4368		10		
559		370		194		0		6075		6096		10		
560		48		248		20		360		484		10		
561		396		47		0		4113		4126		10		
562		0		377		0		2093		2300		10		
563		310		55		10		2540		2591		10		
564		295		122		0		1534		1769		10		
565		407		367		20		4623		4650		10		
566		327		176		40		4248		4301		10		
567		46		230		10		4897		4942		10		
568		304		401		0		2817		2858		10		
569		57		353		20		2722		2805		10		
570		261		203		30		4764		4888		10		
571		297		250		10		3866		3995		10		
572		263		343		10		1473		1655		10		
573		132		289		10		3702		3829		10		
574		445		46		40		968		1082		10		
575		165		333		0		878		953		10		
576		142		179		40		7294		7515		10		
577		428		280		30		1526		1548		10		
578		152		396		30		6015		6185		10		
579		247		12		10		4164		4254		10		
580		218		158		20		5769		5883		10		
581		83		246		30		5215		5311		10		
582		267		374		30		2870		3070		10		
583		352		312		0		5582		5720		10		
584		48		300		10		3040		3138		10		
585		162		333		40		6029		6251		10		
586		454		440		40		5496		5706		10		
587		354		437		40		1412		1571		10		
588		339		266		20		370		409		10		
589		381		32		40		1384		1525		10		
590		460		47		40		2291		2398		10		
591		447		19		30		829		848		10		
592		398		54		30		2226		2459		10		
593		231		82		40		971		1184		10		
594		321		285		40		2854		3022		10		
595		4		60		20		1687		1916		10		
596		491		122		0		5305		5461		10		
597		474		227		40		3417		3600		10		
598		1		467		40		4315		4492		10		
599		259		131		10		5124		5317		10		
600		215		185		30		1113		1192		10		
601		70		19		30		3593		3676		10		
602		279		341		10		1054		1136		10		
603		169		341		20		6672		6885		10		
604		354		319		0		5957		6049		10		
605		211		88		0		5246		5315		10		
606		19		470		30		4954		5151		10		
607		324		216		30		4021		4124		10		
608		398		439		10		6703		6767		10		
609		317		115		30		5986		6125		10		
610		145		333		40		3701		3880		10		
611		349		76		20		6609		6756		10		
612		308		194		10		2001		2017		10		
613		371		47		10		5370		5387		10		
614		263		425		40		919		1133		10		
615		50		273		20		1371		1590		10		
616		441		402		20		2509		2581		10		
617		455		209		0		6582		6805		10		
618		486		429		20		3142		3370		10		
619		377		317		30		7340		7355		10		
620		206		264		30		6653		6787		10		
621		324		401		10		2383		2478		10		
622		97		107		20		3223		3392		10		
623		134		92		10		249		384		10		
624		370		88		0		4322		4398		10		
625		337		214		20		4272		4369		10		
626		268		358		20		7250		7378		10		
627		420		414		30		1604		1708		10		
628		344		43		0		1972		2173		10		
629		348		416		0		1690		1830		10		
630		351		220		10		5358		5413		10		
631		270		428		20		4789		4994		10		
632		124		176		0		637		782		10		
633		49		286		30		7032		7241		10		
634		281		89		0		1672		1801		10		
635		456		56		0		4107		4192		10		
636		248		52		20		2654		2798		10		
637		229		31		30		3594		3607		10		
638		132		301		40		4672		4745		10		
639		496		29		40		2677		2814		10		
640		120		150		10		3014		3021		10		
641		193		453		30		5390		5625		10		
642		398		468		40		2975		3139		10		
643		90		211		40		1057		1081		10		
644		155		79		40		6078		6288		10		
645		437		29		40		1030		1232		10		
646		259		73		30		3422		3535		10		
647		400		192		10		4871		5074		10		
648		404		281		30		1760		1932		10		
649		41		233		40		5517		5586		10		
650		277		178		30		3461		3516		10		
651		267		355		10		6857		6944		10		
652		484		191		40		1459		1564		10		
653		81		59		0		3628		3683		10		
654		354		253		0		5755		5967		10		
655		484		335		20		4123		4217		10		
656		256		399		40		7379		7396		10		
657		474		67		20		3535		3721		10		
658		496		346		30		581		791		10		
659		303		185		30		4653		4872		10		
660		493		188		0		436		449		10		
661		362		420		20		2878		3115		10		
662		260		9		0		4604		4676		10		
663		445		205		10		2579		2665		10		
664		117		366		20		6180		6346		10		
665		272		43		40		5668		5900		10		
666		381		75		30		6998		7063		10		
667		169		145		30		7129		7348		10		
668		81		397		40		5700		5835		10		
669		440		407		30		4055		4246		10		
670		334		260		30		2206		2420		10		
671		432		108		30		466		686		10		
672		119		16		0		1995		2163		10		
673		480		176		30		3849		3868		10		
674		235		365		10		367		456		10		
675		496		136		10		1811		2018		10		
676		422		32		0		805		996		10		
677		199		218		40		5107		5334		10		
678		335		195		40		893		979		10		
679		431		26		10		5991		6168		10		
680		221		134		20		7355		7425		10		
681		24		296		20		6281		6336		10		
682		348		499		20		5468		5601		10		
683		290		58		40		6216		6375		10		
684		191		139		20		145		266		10		
685		55		489		30		4220		4363		10		
686		184		496		30		5276		5327		10		
687		249		169		30		6723		6819		10		
688		410		373		40		2435		2592		10		
689		294		137		20		6701		6852		10		
690		106		438		40		5008		5014		10		
691		17		379		20		7166		7213		10		
692		326		306		10		830		995		10		
693		417		90		0		412		565		10		
694		55		191		30		4896		5131		10		
695		425		333		0		857		955		10		
696		204		224		40		3670		3762		10		
697		32		34		40		1427		1506		10		
698		53		15		10		1797		1844		10		
699		138		185		40		5851		5919		10		
700		24		44		20		5243		5285		10		
701		328		82		10		2307		2512		10		
702		162		101		20		3270		3412		10		
703		429		163		20		4369		4392		10		
704		315		358		20		5312		5419		10		
705		106		353		40		5648		5834		10		
706		128		1		30		1634		1687		10		
707		156		485		30		7277		7322		10		
708		431		241		30		1539		1605		10		
709		129		328		10		1890		1970		10		
710		413		316		10		4025		4193		10		
711		295		70		0		4259		4314		10		
712		430		11		0		6318		6341		10		
713		229		187		10		5025		5041		10		
714		280		44		0		4483		4550		10		
715		177		275		10		2791		2933		10		
716		336		97		10		6756		6778		10		
717		110		208		30		7217		7277		10		
718		251		114		20		3226		3261		10		
719		121		499		30		1363		1583		10		
720		300		443		40		2872		3088		10		
721		215		106		30		2751		2936		10		
722		151		327		40		4249		4431		10		
723		344		56		20		4291		4379		10		
724		26		156		10		5223		5445		10		
725		277		221		10		4331		4401		10		
726		73		49		0		3436		3572		10		
727		388		164		0		669		679		10		
728		494		72		40		6488		6575		10		
729		98		496		0		743		849		10		
730		184		213		30		495		525		10		
731		170		70		30		3198		3268		10		
732		60		277		10		5560		5595		10		
733		472		359		20		7138		7174		10		
734		473		26		20		3851		3973		10		
735		68		409		40		2735		2746		10		
736		205		18		20		681		895		10		
737		360		449		0		5907		6036		10		
738		466		342		0		3697		3896		10		
739		352		271		10		508		567		10		
740		150		24		0		3665		3830		10		
741		349		66		10		5965		6189		10		
742		282		444		0		2588		2711		10		
743		312		421		20		1907		2057		10		
744		444		424		0		713		785		10		
745		84		461		30		5895		6102		10		
746		155		428		30		1898		2064		10		
747		464		336		0		3319		3539		10		
748		24		176		0		4155		4298		10		
749		440		90		20		1144		1364		10		
750		178		197		0		1048		1268		10		
751		72		425		0		4350		4587		10		
752		105		117		40		2764		2947		10		
753		281		181		0		6258		6486		10		
754		32		320		0		6870		7049		10		
755		52		101		30		3076		3191		10		
756		259		289		0		2097		2247		10		
757		70		205		30		7242		7375		10		
758		386		50		0		1468		1517		10		
759		38		252		10		2096		2291		10		
760		242		41		0		659		743		10		
761		54		29		0		2416		2578		10		
762		423		311		40		855		981		10		
763		352		99		20		2254		2456		10		
764		112		233		20		2519		2617		10		
765		278		348		40		1013		1109		10		
766		148		106		20		558		584		10		
767		416		168		0		956		985		10		
768		15		58		30		4649		4734		10		
769		18		86		20		4813		4942		10		
770		104		110		40		1572		1591		10		
771		24		283		40		1380		1397		10		
772		226		216		40		315		550		10		
773		237		76		20		5733		5893		10		
774		334		51		30		1500		1511		10		
775		191		160		20		3111		3275		10		
776		230		476		20		4158		4341		10		
777		265		194		40		1558		1567		10		
778		290		203		30		555		623		10		
779		405		369		40		1429		1633		10		
780		110		238		20		2354		2529		10		
781		307		261		20		2035		2267		10		
782		350		488		20		6281		6438		10		
783		241		276		0		6812		6976		10		
784		447		348		20		4610		4834		10		
785		212		219		20		2499		2697		10		
786		181		392		20		1882		2030		10		
787		205		497		20		925		1080		10		
788		91		499		40		6465		6548		10		
789		352		298		30		5473		5679		10		
790		129		172		20		7155		7250		10		
791		372		428		20		3747		3811		10		
792		7		337		0		7119		7213		10		
793		255		175		40		2871		3026		10		
794		114		195		20		2507		2675		10		
795		80		42		20		520		532		10		
796		428		388		30		3714		3874		10		
797		228		388		0		3192		3409		10		
798		257		162		30		2327		2543		10		
799		17		241		10		958		992		10		
800		319		376		10		7344		7352		10		
801		439		285		10		2965		2978		10		
802		281		57		10		1561		1751		10		
803		395		191		10		5411		5455		10		
804		392		366		0		459		687		10		
805		81		321		30		7216		7391		10		
806		259		235		30		1249		1289		10		
807		246		315		10		5931		6146		10		
808		41		417		30		1573		1755		10		
809		477		197		20		4314		4422		10		
810		448		488		40		3143		3340		10		
811		224		150		30		2181		2192		10		
812		399		6		10		5788		5827		10		
813		55		172		0		3648		3666		10		
814		36		92		20		5430		5438		10		
815		121		58		30		3613		3795		10		
816		288		259		40		5764		5778		10		
817		31		425		10		573		610		10		
818		473		39		30		7342		7352		10		
819		430		14		0		5800		6021		10		
820		81		77		10		6746		6837		10		
821		352		423		0		3049		3145		10		
822		305		144		10		2694		2735		10		
823		485		222		20		2387		2451		10		
824		282		100		30		6202		6354		10		
825		1		194		0		2288		2298		10		
826		479		44		20		812		896		10		
827		337		179		0		5379		5400		10		
828		248		305		0		2857		2987		10		
829		216		454		20		1251		1454		10		
830		429		436		0		5399		5585		10		
831		438		283		0		3116		3171		10		
832		402		329		10		2906		3112		10		
833		116		384		40		6713		6901		10		
834		133		33		10		3347		3486		10		
835		358		251		0		3256		3490		10		
836		246		400		20		1483		1637		10		
837		135		58		10		6219		6280		10		
838		360		149		0		4503		4714		10		
839		124		164		0		6234		6346		10		
840		298		56		10		1737		1760		10		
841		154		269		40		2277		2455		10		
842		308		130		40		4581		4620		10		
843		426		224		40		6138		6198		10		
844		274		60		20		4959		5104		10		
845		212		412		20		4297		4332		10		
846		389		224		20		4077		4209		10		
847		72		457		30		2397		2421		10		
848		266		85		40		1302		1370		10		
849		76		79		40		1446		1622		10		
850		375		181		30		1031		1146		10		
851		355		374		10		4964		5089		10		
852		196		239		40		1589		1664		10		
853		3		309		0		6356		6568		10		
854		475		132		0		4811		5013		10		
855		169		280		20		4945		5003		10		
856		338		40		20		2458		2684		10		
857		428		340		30		2247		2405		10		
858		212		453		40		5328		5417		10		
859		151		149		10		2216		2278		10		
860		464		475		10		3412		3532		10		
861		185		90		30		4485		4550		10		
862		121		469		40		1651		1770		10		
863		53		83		0		1725		1861		10		
864		274		487		0		5779		5794		10		
865		82		276		20		4022		4198		10		
866		98		314		20		2639		2865		10		
867		462		105		10		6232		6312		10		
868		110		404		0		2035		2094		10		
869		307		445		40		287		477		10		
870		331		479		30		996		1223		10		
871		465		351		0		6462		6586		10		
872		124		484		40		1215		1332		10		
873		164		375		20		4138		4304		10		
874		466		492		40		4409		4473		10		
875		329		426		20		1995		2115		10		
876		430		303		0		5723		5940		10		
877		442		81		20		363		590		10		
878		233		357		0		5232		5424		10		
879		481		78		10		6436		6450		10		
880		169		120		20		3259		3441		10		
881		3		74		20		3281		3458		10		
882		124		296		40		1731		1953		10		
883		292		206		30		7421		7492		10		
884		297		51		40		1742		1950		10		
885		212		489		0		6922		7036		10		
886		243		139		40		4661		4838		10		
887		86		344		10		2934		3063		10		
888		154		98		10		579		758		10		
889		376		210		30		2135		2170		10		
890		190		488		20		1448		1525		10		
891		88		404		0		7293		7369		10		
892		209		467		10		2388		2549		10		
893		458		197		30		6316		6533		10		
894		12		309		30		5572		5656		10		
895		264		370		30		1452		1523		10		
896		176		232		40		6541		6631		10		
897		360		324		20		2745		2924		10		
898		332		185		0		4484		4633		10		
899		440		112		40		3719		3852		10		
900		259		432		10		6859		7063		10		
901		336		107		10		5112		5276		10		
902		64		190		20		4639		4798		10		
903		319		218		30		1110		1175		10		
904		30		319		30		1623		1658		10		
905		137		484		10		6938		7132		10		
906		433		324		10		2580		2607		10		
907		238		193		10		6014		6179		10		
908		314		418		30		1549		1613		10		
909		416		208		10		5448		5473		10		
910		41		392		20		3045		3082		10		
911		376		76		10		2742		2937		10		
912		325		10		20		5984		6173		10		
913		364		73		40		5778		5921		10		
914		383		11		40		4007		4195		10		
915		38		363		0		6281		6340		10		
916		451		366		40		5716		5849		10		
917		294		0		20		6960		7159		10		
918		354		52		30		2753		2781		10		
919		266		115		10		4539		4753		10		
920		433		353		0		3696		3729		10		
921		2		78		30		3909		3931		10		
922		126		88		40		5736		5755		10		
923		153		17		10		5540		5630		10		
924		317		236		30		2820		2979		10		
925		169		231		30		2449		2490		10		
926		469		428		30		1141		1376		10		
927		35		354		40		2938		3002		10		
928		208		478		0		1032		1079		10		
929		59		79		10		6489		6543		10		
930		154		61		10		370		529		10		
931		458		101		10		4751		4944		10		
932		46		115		0		3762		3837		10		
933		457		247		40		5240		5446		10		
934		389		264		0		5175		5406		10		
935		313		125		10		4210		4241		10		
936		319		52		10		241		462		10		
937		248		492		30		3928		4133		10		
938		419		132		20		5176		5209		10		
939		183		179		0		4478		4569		10		
940		283		433		10		2752		2811		10		
941		418		78		0		5133		5153		10		
942		359		41		20		6768		6815		10		
943		60		347		10		6106		6235		10		
944		201		227		0		636		772		10		
945		66		427		40		3459		3564		10		
946		374		285		20		145		240		10		
947		3		353		40		2090		2218		10		
948		40		431		20		3607		3668		10		
949		321		382		40		4048		4069		10		
950		47		321		10		4934		5100		10		
951		267		298		0		1279		1449		10		
952		24		192		0		6754		6869		10		
953		498		395		20		5731		5827		10		
954		358		144		10		4180		4271		10		
955		142		473		20		5154		5281		10		
956		451		385		40		4920		5070		10		
957		168		21		20		2192		2261		10		
958		358		113		40		2570		2680		10		
959		16		216		20		6083		6111		10		
960		332		369		40		5166		5302		10		
961		88		138		0		730		889		10		
962		154		341		20		4214		4250		10		
963		319		348		20		555		654		10		
964		431		374		20		1173		1364		10		
965		148		145		0		2188		2301		10		
966		0		92		40		4894		4932		10		
967		100		97		20		4354		4479		10		
968		223		362		10		1053		1238		10		
969		78		426		0		3277		3416		10		
970		71		128		20		3039		3133		10		
971		378		286		10		3615		3624		10		
972		15		84		10		2005		2024		10		
973		322		161		30		7257		7349		10		
974		420		157		30		2396		2599		10		
975		194		474		0		5519		5749		10		
976		289		176		40		2049		2262		10		
977		12		96		30		7208		7322		10		
978		436		465		20		5492		5581		10		
979		89		167		0		5593		5702		10		
980		318		3		30		2867		3020		10		
981		210		214		0		2736		2902		10		
982		243		223		20		1416		1573		10		
983		243		317		0		6662		6799		10		
984		247		49		30		6683		6703		10		
985		48		107		20		5171		5298		10		
986		292		391		10		2650		2804		10		
987		202		13		0		4760		4884		10		
988		381		365		30		1492		1662		10		
989		381		99		30		3725		3892		10		
990		439		109		0		2450		2545		10		
991		201		307		20		3272		3322		10		
992		51		187		30		2524		2702		10		
993		161		210		0		574		655		10		
994		5		309		40		1331		1552		10		
995		278		398		0		3953		4107		10		
996		350		321		10		4920		5101		10		
997		431		376		10		4558		4717		10		
998		151		487		0		1807		1847		10		
999		237		267		20		2505		2618		10		
1000		344		232		0		3899		4107		10		
