RC2_10_18

VEHICLE
NUMBER     CAPACITY
250	1000

CUSTOMER
CUST NO.	XCOORD.	YCOORD.	DEMAND	READY TIME	DUE DATE	SERVICE TIME

0		250		250		0		0		7284		0		
1		14		139		30		3989		4109		10		
2		78		390		0		5193		5313		10		
3		236		105		10		3655		3775		10		
4		78		323		20		5408		5528		10		
5		439		314		20		1320		1440		10		
6		81		2		10		4709		4829		10		
7		428		428		0		3216		3336		10		
8		88		440		20		6049		6169		10		
9		436		82		0		5309		5429		10		
10		284		253		40		4358		4478		10		
11		156		372		30		1750		1870		10		
12		191		83		40		4792		4912		10		
13		221		166		40		5549		5669		10		
14		61		318		10		1050		1170		10		
15		273		189		10		3214		3334		10		
16		246		108		40		5206		5326		10		
17		373		465		10		4786		4906		10		
18		480		383		40		5223		5343		10		
19		314		158		40		3646		3766		10		
20		407		261		0		2997		3117		10		
21		463		285		40		3838		3958		10		
22		201		282		10		2599		2719		10		
23		257		17		20		2780		2900		10		
24		486		152		30		3155		3275		10		
25		111		57		10		6583		6703		10		
26		327		248		40		1681		1801		10		
27		223		432		40		4778		4898		10		
28		175		434		20		4447		4567		10		
29		308		294		40		6192		6312		10		
30		70		82		20		3743		3863		10		
31		151		250		30		4184		4304		10		
32		253		457		30		5451		5571		10		
33		372		360		10		6454		6574		10		
34		287		423		20		1549		1669		10		
35		157		328		20		823		943		10		
36		487		336		10		6085		6205		10		
37		300		285		20		4060		4180		10		
38		280		173		40		5120		5240		10		
39		141		222		20		6683		6803		10		
40		149		276		0		439		559		10		
41		421		494		10		4796		4916		10		
42		306		359		20		5479		5599		10		
43		178		294		10		3294		3414		10		
44		490		434		30		2204		2324		10		
45		404		474		30		3069		3189		10		
46		207		170		20		1664		1784		10		
47		157		438		30		5407		5527		10		
48		430		463		30		3169		3289		10		
49		67		56		20		5352		5472		10		
50		461		76		30		5177		5297		10		
51		294		346		20		7033		7153		10		
52		464		162		10		3520		3640		10		
53		7		332		40		3014		3134		10		
54		129		162		40		5207		5327		10		
55		252		477		0		725		845		10		
56		261		199		20		2079		2199		10		
57		221		401		0		5836		5956		10		
58		190		442		40		4033		4153		10		
59		458		475		20		5256		5376		10		
60		256		176		40		3960		4080		10		
61		149		279		10		3436		3556		10		
62		169		165		40		4681		4801		10		
63		59		251		40		1563		1683		10		
64		461		234		30		1810		1930		10		
65		469		412		0		2139		2259		10		
66		99		137		40		6814		6934		10		
67		407		137		30		4533		4653		10		
68		190		109		30		1920		2040		10		
69		455		351		0		481		601		10		
70		41		38		20		6785		6905		10		
71		90		391		20		1416		1536		10		
72		467		221		0		4650		4770		10		
73		148		49		40		6168		6288		10		
74		348		314		0		156		276		10		
75		114		324		40		5768		5888		10		
76		31		271		30		4191		4311		10		
77		400		50		40		4858		4978		10		
78		126		393		30		947		1067		10		
79		42		131		30		1354		1474		10		
80		263		378		20		375		495		10		
81		249		463		10		3704		3824		10		
82		90		95		10		1992		2112		10		
83		271		235		10		3507		3627		10		
84		234		286		20		553		673		10		
85		61		489		10		5280		5400		10		
86		452		239		20		3714		3834		10		
87		491		434		20		2744		2864		10		
88		329		38		40		4150		4270		10		
89		308		394		40		453		573		10		
90		31		290		20		2030		2150		10		
91		27		420		20		2557		2677		10		
92		235		206		20		165		285		10		
93		146		125		30		6127		6247		10		
94		283		435		0		2818		2938		10		
95		210		242		10		6290		6410		10		
96		426		98		0		3062		3182		10		
97		326		498		10		2671		2791		10		
98		92		247		30		5354		5474		10		
99		482		359		10		6209		6329		10		
100		453		446		20		1791		1911		10		
101		165		141		40		2867		2987		10		
102		328		175		20		4517		4637		10		
103		179		299		20		2930		3050		10		
104		247		206		20		5671		5791		10		
105		160		446		30		2782		2902		10		
106		17		312		10		1673		1793		10		
107		315		154		40		1298		1418		10		
108		476		364		20		4924		5044		10		
109		11		420		40		6631		6751		10		
110		486		430		40		2509		2629		10		
111		183		120		20		1356		1476		10		
112		108		385		20		3335		3455		10		
113		239		389		0		2164		2284		10		
114		253		173		20		1362		1482		10		
115		237		307		10		4828		4948		10		
116		484		424		0		6679		6799		10		
117		270		274		0		5406		5526		10		
118		141		368		10		1847		1967		10		
119		156		59		0		448		568		10		
120		115		339		30		4804		4924		10		
121		404		204		20		6142		6262		10		
122		93		171		30		2691		2811		10		
123		91		285		20		3196		3316		10		
124		396		296		10		1124		1244		10		
125		56		488		10		2996		3116		10		
126		201		230		30		413		533		10		
127		82		215		20		3938		4058		10		
128		346		319		40		2754		2874		10		
129		441		292		20		4263		4383		10		
130		298		37		20		5040		5160		10		
131		250		144		20		6405		6525		10		
132		352		127		40		402		522		10		
133		165		257		10		3807		3927		10		
134		74		122		10		6582		6702		10		
135		391		461		10		2556		2676		10		
136		194		473		10		406		526		10		
137		225		236		30		1660		1780		10		
138		208		397		20		3709		3829		10		
139		74		478		30		4579		4699		10		
140		320		265		0		1424		1544		10		
141		126		339		40		3843		3963		10		
142		109		16		40		3937		4057		10		
143		237		490		20		3601		3721		10		
144		8		441		40		4867		4987		10		
145		407		112		20		4790		4910		10		
146		460		149		40		6544		6664		10		
147		12		268		30		3306		3426		10		
148		29		268		40		3030		3150		10		
149		202		332		20		863		983		10		
150		343		416		0		2300		2420		10		
151		166		439		30		5870		5990		10		
152		421		192		10		249		369		10		
153		322		102		40		6190		6310		10		
154		105		24		10		2791		2911		10		
155		445		237		0		3690		3810		10		
156		28		350		10		6832		6952		10		
157		424		267		40		2848		2968		10		
158		428		146		30		4038		4158		10		
159		380		48		30		4057		4177		10		
160		104		455		30		2526		2646		10		
161		407		106		40		6692		6812		10		
162		135		154		10		2917		3037		10		
163		325		384		30		2890		3010		10		
164		8		397		40		2362		2482		10		
165		385		295		0		3181		3301		10		
166		303		303		40		4427		4547		10		
167		442		189		30		4235		4355		10		
168		412		308		40		1839		1959		10		
169		99		209		10		2784		2904		10		
170		70		495		10		1913		2033		10		
171		411		472		30		410		530		10		
172		27		418		0		6246		6366		10		
173		298		250		20		2661		2781		10		
174		133		326		40		7005		7125		10		
175		348		28		20		4054		4174		10		
176		292		53		20		4460		4580		10		
177		39		423		30		439		559		10		
178		29		425		10		4510		4630		10		
179		211		75		20		4085		4205		10		
180		107		69		30		5966		6086		10		
181		415		82		40		3427		3547		10		
182		389		212		40		1314		1434		10		
183		330		410		10		5586		5706		10		
184		489		469		10		3304		3424		10		
185		283		133		30		1157		1277		10		
186		268		324		0		3019		3139		10		
187		101		204		40		6534		6654		10		
188		190		336		20		1239		1359		10		
189		22		388		40		4904		5024		10		
190		0		6		30		1666		1786		10		
191		383		25		30		6125		6245		10		
192		459		257		0		4370		4490		10		
193		63		312		0		2339		2459		10		
194		148		429		40		6015		6135		10		
195		274		496		0		2489		2609		10		
196		416		307		40		3094		3214		10		
197		8		272		40		6687		6807		10		
198		374		279		40		5781		5901		10		
199		53		233		10		2583		2703		10		
200		63		397		30		979		1099		10		
201		454		40		10		5785		5905		10		
202		263		73		40		6604		6724		10		
203		355		19		10		6336		6456		10		
204		50		87		10		2380		2500		10		
205		113		408		20		2240		2360		10		
206		346		257		10		5939		6059		10		
207		322		294		20		4795		4915		10		
208		437		154		40		673		793		10		
209		178		33		20		1990		2110		10		
210		438		296		30		6848		6968		10		
211		3		96		30		6267		6387		10		
212		461		141		40		3920		4040		10		
213		193		24		10		3901		4021		10		
214		409		469		40		1811		1931		10		
215		155		169		20		4107		4227		10		
216		286		195		20		4034		4154		10		
217		385		74		10		628		748		10		
218		245		38		10		4549		4669		10		
219		247		483		20		356		476		10		
220		400		202		10		5386		5506		10		
221		180		337		10		6470		6590		10		
222		115		106		10		5461		5581		10		
223		308		199		20		5573		5693		10		
224		492		460		20		3025		3145		10		
225		307		290		40		291		411		10		
226		202		17		10		815		935		10		
227		222		141		0		2655		2775		10		
228		372		22		0		2879		2999		10		
229		153		278		40		6045		6165		10		
230		35		169		10		4369		4489		10		
231		280		80		40		6245		6365		10		
232		356		252		30		482		602		10		
233		484		291		40		3493		3613		10		
234		225		83		0		810		930		10		
235		204		113		20		6003		6123		10		
236		337		198		30		1649		1769		10		
237		170		301		40		4243		4363		10		
238		441		204		20		6395		6515		10		
239		180		411		40		6228		6348		10		
240		311		52		30		6736		6856		10		
241		19		289		40		1186		1306		10		
242		327		189		10		3388		3508		10		
243		473		343		40		2116		2236		10		
244		413		250		10		4700		4820		10		
245		385		466		20		1925		2045		10		
246		149		327		30		6817		6937		10		
247		491		453		40		4519		4639		10		
248		155		213		20		6757		6877		10		
249		179		71		30		1310		1430		10		
250		176		388		40		184		304		10		
251		240		66		0		3102		3222		10		
252		435		271		20		3575		3695		10		
253		249		381		30		6389		6509		10		
254		38		471		30		814		934		10		
255		223		25		40		2204		2324		10		
256		125		135		0		4145		4265		10		
257		297		392		40		4695		4815		10		
258		408		167		20		957		1077		10		
259		46		227		10		1087		1207		10		
260		125		268		40		3303		3423		10		
261		378		461		0		2678		2798		10		
262		40		424		10		1908		2028		10		
263		476		172		30		3380		3500		10		
264		382		4		20		3082		3202		10		
265		208		123		40		4717		4837		10		
266		331		496		40		4518		4638		10		
267		165		15		0		3516		3636		10		
268		406		367		30		2701		2821		10		
269		468		484		30		3058		3178		10		
270		274		352		40		5089		5209		10		
271		113		43		10		5478		5598		10		
272		167		273		0		2907		3027		10		
273		86		165		0		6488		6608		10		
274		218		332		0		6453		6573		10		
275		359		334		30		3079		3199		10		
276		323		260		40		2135		2255		10		
277		63		72		0		5278		5398		10		
278		172		43		10		4149		4269		10		
279		280		231		10		3926		4046		10		
280		398		313		10		6612		6732		10		
281		84		304		10		6329		6449		10		
282		198		159		30		208		328		10		
283		181		11		20		4675		4795		10		
284		471		148		0		6544		6664		10		
285		39		356		20		2363		2483		10		
286		82		187		0		6216		6336		10		
287		351		239		20		2166		2286		10		
288		197		54		30		3072		3192		10		
289		184		254		10		3880		4000		10		
290		82		429		40		5680		5800		10		
291		220		335		30		1382		1502		10		
292		359		215		40		3376		3496		10		
293		210		435		20		1247		1367		10		
294		417		25		0		5965		6085		10		
295		329		480		10		1468		1588		10		
296		277		154		30		307		427		10		
297		133		373		0		1094		1214		10		
298		65		382		0		1578		1698		10		
299		364		407		10		742		862		10		
300		321		313		0		1342		1462		10		
301		297		429		20		3659		3779		10		
302		28		30		40		1813		1933		10		
303		452		190		10		1034		1154		10		
304		292		61		10		2886		3006		10		
305		348		155		0		5804		5924		10		
306		282		344		10		1029		1149		10		
307		458		125		20		1583		1703		10		
308		86		398		0		6286		6406		10		
309		129		16		10		540		660		10		
310		126		410		40		3378		3498		10		
311		123		287		40		4605		4725		10		
312		26		209		0		2248		2368		10		
313		231		296		0		1566		1686		10		
314		118		304		40		5416		5536		10		
315		103		135		10		6259		6379		10		
316		98		110		0		4878		4998		10		
317		318		188		30		6199		6319		10		
318		307		195		30		4447		4567		10		
319		204		134		40		2117		2237		10		
320		121		476		40		3698		3818		10		
321		276		63		10		5734		5854		10		
322		448		161		20		5656		5776		10		
323		256		108		20		5717		5837		10		
324		343		39		20		5952		6072		10		
325		207		484		0		6446		6566		10		
326		27		275		10		3736		3856		10		
327		147		50		10		5512		5632		10		
328		159		452		20		2536		2656		10		
329		29		251		20		5121		5241		10		
330		325		336		40		5764		5884		10		
331		275		200		40		875		995		10		
332		202		319		0		712		832		10		
333		253		64		20		6251		6371		10		
334		26		6		30		5604		5724		10		
335		177		311		0		3051		3171		10		
336		69		93		30		2078		2198		10		
337		470		188		10		3952		4072		10		
338		178		58		10		1728		1848		10		
339		476		170		0		6105		6225		10		
340		253		124		10		5748		5868		10		
341		159		203		10		2835		2955		10		
342		174		166		0		4617		4737		10		
343		418		474		30		5020		5140		10		
344		429		375		40		3967		4087		10		
345		238		468		10		3429		3549		10		
346		409		2		40		2333		2453		10		
347		280		27		40		1170		1290		10		
348		216		104		30		3449		3569		10		
349		340		255		40		1240		1360		10		
350		188		390		0		1753		1873		10		
351		292		105		20		266		386		10		
352		357		444		0		1787		1907		10		
353		75		196		10		1246		1366		10		
354		63		267		10		3029		3149		10		
355		393		399		0		3245		3365		10		
356		199		454		0		6858		6978		10		
357		437		64		10		2555		2675		10		
358		427		104		0		387		507		10		
359		163		221		40		1285		1405		10		
360		374		489		20		1764		1884		10		
361		149		134		10		5595		5715		10		
362		83		46		40		4634		4754		10		
363		43		112		0		1411		1531		10		
364		453		381		10		489		609		10		
365		16		114		0		2446		2566		10		
366		242		372		10		5358		5478		10		
367		320		163		30		6092		6212		10		
368		182		37		40		2166		2286		10		
369		144		346		0		4062		4182		10		
370		203		169		40		1360		1480		10		
371		447		258		0		1590		1710		10		
372		489		271		20		3642		3762		10		
373		204		371		20		151		271		10		
374		156		50		0		459		579		10		
375		290		186		20		6042		6162		10		
376		80		404		30		4519		4639		10		
377		376		121		10		779		899		10		
378		467		415		20		5216		5336		10		
379		57		16		30		3843		3963		10		
380		214		155		10		6253		6373		10		
381		84		491		20		5143		5263		10		
382		217		343		40		3853		3973		10		
383		189		322		0		5745		5865		10		
384		343		382		30		1469		1589		10		
385		321		155		40		4956		5076		10		
386		74		265		10		3999		4119		10		
387		317		407		0		4438		4558		10		
388		312		268		30		779		899		10		
389		483		192		20		6237		6357		10		
390		129		300		40		6678		6798		10		
391		8		324		40		5998		6118		10		
392		374		62		40		512		632		10		
393		182		9		10		4051		4171		10		
394		85		154		30		5555		5675		10		
395		440		100		40		289		409		10		
396		69		384		40		441		561		10		
397		40		99		40		2958		3078		10		
398		243		204		40		3143		3263		10		
399		152		355		30		776		896		10		
400		9		365		30		2003		2123		10		
401		238		12		30		3181		3301		10		
402		371		87		30		2162		2282		10		
403		488		174		20		1041		1161		10		
404		495		128		20		1090		1210		10		
405		142		237		40		6138		6258		10		
406		93		123		30		1123		1243		10		
407		23		9		10		3530		3650		10		
408		282		346		0		6804		6924		10		
409		92		22		40		2236		2356		10		
410		65		196		40		4898		5018		10		
411		268		253		40		4070		4190		10		
412		41		334		30		3094		3214		10		
413		102		463		30		6558		6678		10		
414		477		94		40		2909		3029		10		
415		492		380		30		3330		3450		10		
416		472		186		20		4678		4798		10		
417		413		101		20		1492		1612		10		
418		426		423		30		1798		1918		10		
419		319		497		40		6422		6542		10		
420		289		217		30		1552		1672		10		
421		167		378		20		3178		3298		10		
422		285		197		40		4571		4691		10		
423		70		165		40		548		668		10		
424		275		380		30		176		296		10		
425		480		251		0		697		817		10		
426		178		351		20		3864		3984		10		
427		59		185		20		1710		1830		10		
428		339		150		10		1642		1762		10		
429		479		348		30		1093		1213		10		
430		259		99		20		6643		6763		10		
431		367		343		20		4612		4732		10		
432		241		196		40		5974		6094		10		
433		461		190		10		5332		5452		10		
434		300		448		40		3481		3601		10		
435		464		430		20		2466		2586		10		
436		390		79		10		443		563		10		
437		262		400		10		6521		6641		10		
438		196		192		30		1236		1356		10		
439		82		359		10		1839		1959		10		
440		226		43		10		2389		2509		10		
441		452		134		20		4291		4411		10		
442		63		208		30		6666		6786		10		
443		317		418		0		5779		5899		10		
444		310		331		40		1421		1541		10		
445		192		482		40		5271		5391		10		
446		490		268		0		5950		6070		10		
447		189		371		10		996		1116		10		
448		454		175		40		1101		1221		10		
449		138		479		0		4585		4705		10		
450		378		63		20		6101		6221		10		
451		193		137		20		5469		5589		10		
452		438		260		10		1278		1398		10		
453		83		322		40		183		303		10		
454		53		145		20		6404		6524		10		
455		145		365		0		5666		5786		10		
456		71		376		30		2454		2574		10		
457		375		183		20		5780		5900		10		
458		103		172		0		6787		6907		10		
459		301		270		20		281		401		10		
460		474		130		0		1980		2100		10		
461		264		103		20		1866		1986		10		
462		91		314		0		3684		3804		10		
463		474		233		10		6527		6647		10		
464		322		202		10		3357		3477		10		
465		207		298		40		300		420		10		
466		17		391		0		1047		1167		10		
467		269		426		30		4671		4791		10		
468		290		239		0		1648		1768		10		
469		283		129		20		2432		2552		10		
470		38		258		0		535		655		10		
471		287		474		30		1030		1150		10		
472		415		87		0		1691		1811		10		
473		456		445		30		1509		1629		10		
474		300		320		10		6933		7053		10		
475		117		95		30		6023		6143		10		
476		281		304		30		5943		6063		10		
477		206		339		30		710		830		10		
478		219		312		20		6492		6612		10		
479		68		13		40		3499		3619		10		
480		217		499		30		2939		3059		10		
481		270		242		0		79		199		10		
482		225		150		20		130		250		10		
483		307		335		0		1971		2091		10		
484		226		329		10		2792		2912		10		
485		249		399		0		1318		1438		10		
486		344		225		20		6327		6447		10		
487		92		487		30		6650		6770		10		
488		273		426		20		3209		3329		10		
489		328		216		0		1898		2018		10		
490		442		150		40		6851		6971		10		
491		206		391		20		1044		1164		10		
492		380		329		0		3890		4010		10		
493		27		429		0		5884		6004		10		
494		65		253		10		2710		2830		10		
495		63		21		10		544		664		10		
496		34		23		0		324		444		10		
497		284		358		10		4837		4957		10		
498		436		32		0		2921		3041		10		
499		307		397		10		5995		6115		10		
500		349		240		20		6754		6874		10		
501		432		314		40		5265		5385		10		
502		419		64		40		531		651		10		
503		169		102		0		5320		5440		10		
504		217		432		10		4016		4136		10		
505		96		374		20		4420		4540		10		
506		434		492		0		5204		5324		10		
507		222		103		0		3361		3481		10		
508		449		335		20		3756		3876		10		
509		306		281		40		1570		1690		10		
510		441		90		30		5597		5717		10		
511		476		369		30		6873		6993		10		
512		406		429		40		6349		6469		10		
513		153		450		20		2544		2664		10		
514		8		153		20		4227		4347		10		
515		133		247		10		6879		6999		10		
516		308		274		30		2968		3088		10		
517		232		175		10		2825		2945		10		
518		7		153		0		6149		6269		10		
519		290		282		30		1474		1594		10		
520		250		455		0		931		1051		10		
521		86		412		40		6908		7028		10		
522		162		438		40		3205		3325		10		
523		456		142		0		5232		5352		10		
524		489		374		20		6038		6158		10		
525		456		319		0		4343		4463		10		
526		60		41		10		779		899		10		
527		170		326		30		1735		1855		10		
528		315		448		10		4271		4391		10		
529		126		261		30		2094		2214		10		
530		261		15		30		3522		3642		10		
531		433		68		30		3625		3745		10		
532		195		146		20		2394		2514		10		
533		105		26		40		4179		4299		10		
534		232		150		0		2969		3089		10		
535		86		410		0		2653		2773		10		
536		267		279		0		2472		2592		10		
537		168		353		0		3113		3233		10		
538		182		183		30		2065		2185		10		
539		253		29		30		1481		1601		10		
540		225		125		40		1444		1564		10		
541		242		109		10		3656		3776		10		
542		60		49		30		3310		3430		10		
543		442		108		30		1090		1210		10		
544		296		426		20		563		683		10		
545		445		88		40		6666		6786		10		
546		55		29		0		5296		5416		10		
547		310		430		10		1505		1625		10		
548		256		189		40		184		304		10		
549		384		484		20		4889		5009		10		
550		173		382		30		1107		1227		10		
551		137		75		0		844		964		10		
552		425		279		10		2934		3054		10		
553		91		54		30		1730		1850		10		
554		307		436		0		1818		1938		10		
555		156		449		40		2960		3080		10		
556		242		79		0		4160		4280		10		
557		459		57		30		2940		3060		10		
558		301		346		10		6692		6812		10		
559		460		362		30		1245		1365		10		
560		301		282		20		438		558		10		
561		286		338		0		3825		3945		10		
562		491		127		30		6629		6749		10		
563		5		143		0		2922		3042		10		
564		260		162		10		4457		4577		10		
565		186		259		20		3672		3792		10		
566		85		45		40		6483		6603		10		
567		154		379		10		1285		1405		10		
568		462		327		10		1677		1797		10		
569		189		297		20		989		1109		10		
570		154		431		10		4407		4527		10		
571		383		288		10		2740		2860		10		
572		346		239		30		1363		1483		10		
573		269		405		20		656		776		10		
574		427		486		10		5227		5347		10		
575		198		304		30		1121		1241		10		
576		438		68		20		2919		3039		10		
577		185		410		40		5724		5844		10		
578		87		30		0		1904		2024		10		
579		232		172		20		3966		4086		10		
580		185		155		40		1655		1775		10		
581		221		126		20		4212		4332		10		
582		262		0		0		1384		1504		10		
583		64		15		40		1663		1783		10		
584		410		457		20		3716		3836		10		
585		309		416		0		3053		3173		10		
586		493		335		40		3004		3124		10		
587		207		423		30		4935		5055		10		
588		482		404		0		1046		1166		10		
589		198		429		20		2815		2935		10		
590		53		389		20		2375		2495		10		
591		260		450		20		1469		1589		10		
592		125		245		30		6251		6371		10		
593		224		128		0		744		864		10		
594		269		451		40		4983		5103		10		
595		406		401		20		1987		2107		10		
596		183		340		30		6303		6423		10		
597		205		266		20		5894		6014		10		
598		283		152		0		6432		6552		10		
599		272		420		30		2004		2124		10		
600		114		427		0		1693		1813		10		
601		154		321		40		5876		5996		10		
602		389		468		30		1880		2000		10		
603		186		424		20		4068		4188		10		
604		461		167		10		5212		5332		10		
605		460		305		10		6252		6372		10		
606		409		483		10		1312		1432		10		
607		487		422		10		1175		1295		10		
608		303		355		30		546		666		10		
609		145		346		40		5723		5843		10		
610		420		486		10		1879		1999		10		
611		240		23		30		3327		3447		10		
612		191		95		20		4179		4299		10		
613		239		464		10		6805		6925		10		
614		421		450		0		3443		3563		10		
615		234		448		20		4948		5068		10		
616		480		456		10		6825		6945		10		
617		46		93		20		2897		3017		10		
618		182		417		40		4578		4698		10		
619		150		447		20		3380		3500		10		
620		428		69		0		5294		5414		10		
621		478		98		30		4898		5018		10		
622		94		13		10		1425		1545		10		
623		419		404		10		6147		6267		10		
624		418		283		20		3291		3411		10		
625		292		353		20		5195		5315		10		
626		436		302		0		5783		5903		10		
627		231		168		40		6592		6712		10		
628		283		349		30		1712		1832		10		
629		71		341		30		1541		1661		10		
630		236		97		30		2540		2660		10		
631		365		468		20		4037		4157		10		
632		167		257		20		1629		1749		10		
633		475		52		20		2431		2551		10		
634		444		448		40		2347		2467		10		
635		439		486		10		5691		5811		10		
636		68		345		0		4693		4813		10		
637		58		294		10		6077		6197		10		
638		445		314		30		6765		6885		10		
639		197		162		10		6248		6368		10		
640		274		446		30		4286		4406		10		
641		274		301		40		5028		5148		10		
642		415		451		40		4115		4235		10		
643		327		267		10		4330		4450		10		
644		235		470		10		5477		5597		10		
645		121		69		20		1090		1210		10		
646		197		441		20		5311		5431		10		
647		242		38		30		3701		3821		10		
648		458		304		40		3324		3444		10		
649		146		204		40		6731		6851		10		
650		273		157		30		2330		2450		10		
651		96		57		0		351		471		10		
652		168		290		10		1283		1403		10		
653		485		100		40		5991		6111		10		
654		454		329		10		3497		3617		10		
655		233		82		20		5436		5556		10		
656		217		87		0		1136		1256		10		
657		126		248		40		4442		4562		10		
658		270		42		20		541		661		10		
659		454		76		40		3263		3383		10		
660		265		236		30		1063		1183		10		
661		290		162		20		4744		4864		10		
662		440		487		10		1913		2033		10		
663		444		65		30		1470		1590		10		
664		259		179		40		4275		4395		10		
665		14		140		10		1942		2062		10		
666		393		490		30		923		1043		10		
667		296		333		0		2108		2228		10		
668		215		261		30		2648		2768		10		
669		153		267		30		757		877		10		
670		422		452		40		2598		2718		10		
671		175		306		30		6182		6302		10		
672		227		297		10		5044		5164		10		
673		192		195		30		5065		5185		10		
674		44		93		10		6603		6723		10		
675		451		404		30		5023		5143		10		
676		208		455		40		2772		2892		10		
677		499		309		30		4541		4661		10		
678		319		276		40		3599		3719		10		
679		185		309		0		6517		6637		10		
680		66		61		40		6023		6143		10		
681		89		390		0		3993		4113		10		
682		314		373		10		4330		4450		10		
683		135		251		30		5973		6093		10		
684		90		21		10		4265		4385		10		
685		335		274		40		6244		6364		10		
686		60		386		40		5077		5197		10		
687		308		227		20		2733		2853		10		
688		85		441		30		6014		6134		10		
689		433		236		30		3212		3332		10		
690		452		101		30		6048		6168		10		
691		157		440		10		986		1106		10		
692		324		286		10		4004		4124		10		
693		121		287		10		4259		4379		10		
694		485		286		10		5369		5489		10		
695		205		305		40		4895		5015		10		
696		418		327		40		3991		4111		10		
697		433		468		40		2199		2319		10		
698		472		173		40		5518		5638		10		
699		144		388		0		4841		4961		10		
700		482		160		10		1094		1214		10		
701		115		430		30		1293		1413		10		
702		427		76		10		1008		1128		10		
703		437		499		30		6146		6266		10		
704		246		427		30		2621		2741		10		
705		130		383		30		1428		1548		10		
706		249		200		20		2195		2315		10		
707		276		18		0		3274		3394		10		
708		278		2		40		4073		4193		10		
709		350		460		30		4073		4193		10		
710		415		443		10		5868		5988		10		
711		437		313		30		3260		3380		10		
712		88		68		40		963		1083		10		
713		42		71		20		6218		6338		10		
714		208		456		30		5851		5971		10		
715		198		298		10		6718		6838		10		
716		467		60		0		1806		1926		10		
717		402		455		30		284		404		10		
718		434		473		20		1692		1812		10		
719		271		151		0		2428		2548		10		
720		95		14		0		5411		5531		10		
721		408		104		0		936		1056		10		
722		287		302		20		2400		2520		10		
723		474		337		20		4137		4257		10		
724		324		266		10		5817		5937		10		
725		85		296		40		194		314		10		
726		104		442		30		3638		3758		10		
727		323		252		20		6542		6662		10		
728		287		191		30		2441		2561		10		
729		419		236		20		6702		6822		10		
730		404		445		10		5686		5806		10		
731		30		129		0		4969		5089		10		
732		70		103		40		1689		1809		10		
733		255		240		40		3231		3351		10		
734		137		323		20		3598		3718		10		
735		304		429		40		5157		5277		10		
736		291		168		0		4981		5101		10		
737		148		342		10		6919		7039		10		
738		177		327		30		829		949		10		
739		87		302		40		2112		2232		10		
740		449		421		30		529		649		10		
741		298		242		10		1552		1672		10		
742		126		375		0		5956		6076		10		
743		65		410		10		6519		6639		10		
744		11		155		10		4606		4726		10		
745		457		63		40		2377		2497		10		
746		296		248		40		1130		1250		10		
747		419		293		0		3690		3810		10		
748		256		472		20		6303		6423		10		
749		248		455		20		818		938		10		
750		371		479		0		632		752		10		
751		314		279		20		4830		4950		10		
752		307		145		30		2979		3099		10		
753		201		160		10		2070		2190		10		
754		81		410		20		5421		5541		10		
755		360		351		0		5268		5388		10		
756		178		435		10		2577		2697		10		
757		272		185		40		6717		6837		10		
758		188		411		10		2053		2173		10		
759		321		316		30		2386		2506		10		
760		243		435		40		2125		2245		10		
761		427		99		20		4067		4187		10		
762		78		337		30		1729		1849		10		
763		308		162		0		3055		3175		10		
764		433		76		40		480		600		10		
765		173		455		30		3445		3565		10		
766		350		330		20		2181		2301		10		
767		290		138		20		1943		2063		10		
768		231		118		40		1849		1969		10		
769		212		105		0		2870		2990		10		
770		350		442		20		6693		6813		10		
771		425		481		10		624		744		10		
772		395		282		0		2272		2392		10		
773		85		342		0		6187		6307		10		
774		261		426		0		3091		3211		10		
775		84		1		30		1574		1694		10		
776		196		173		20		997		1117		10		
777		78		42		30		2675		2795		10		
778		420		469		30		768		888		10		
779		298		256		30		3864		3984		10		
780		154		417		40		5778		5898		10		
781		85		53		30		2886		3006		10		
782		75		419		10		3377		3497		10		
783		55		25		30		4251		4371		10		
784		465		167		10		3584		3704		10		
785		458		298		10		3868		3988		10		
786		140		293		40		497		617		10		
787		285		333		10		3735		3855		10		
788		144		217		40		990		1110		10		
789		233		95		0		4485		4605		10		
790		290		174		0		5414		5534		10		
791		336		275		10		2617		2737		10		
792		186		280		30		1581		1701		10		
793		393		449		10		5081		5201		10		
794		163		453		10		1817		1937		10		
795		237		122		30		6458		6578		10		
796		75		33		20		2733		2853		10		
797		171		460		0		2981		3101		10		
798		329		226		0		4084		4204		10		
799		94		58		10		2840		2960		10		
800		459		142		0		2548		2668		10		
801		396		473		10		3418		3538		10		
802		187		164		30		1029		1149		10		
803		300		374		40		4394		4514		10		
804		190		68		40		2731		2851		10		
805		407		497		0		2146		2266		10		
806		171		58		30		3364		3484		10		
807		451		426		10		476		596		10		
808		77		376		0		2860		2980		10		
809		206		110		30		5478		5598		10		
810		180		327		10		2546		2666		10		
811		161		228		0		4883		5003		10		
812		79		1		30		6754		6874		10		
813		229		153		20		2667		2787		10		
814		38		303		40		3023		3143		10		
815		352		228		10		4731		4851		10		
816		423		483		0		2414		2534		10		
817		140		462		0		2211		2331		10		
818		227		6		40		5824		5944		10		
819		255		160		40		6144		6264		10		
820		165		63		0		1820		1940		10		
821		176		287		10		748		868		10		
822		408		492		20		339		459		10		
823		57		12		10		3632		3752		10		
824		105		322		30		679		799		10		
825		472		410		0		3681		3801		10		
826		202		252		40		5073		5193		10		
827		139		264		20		3514		3634		10		
828		246		42		0		6882		7002		10		
829		304		262		40		4802		4922		10		
830		267		439		0		1577		1697		10		
831		404		441		30		4766		4886		10		
832		467		446		0		2102		2222		10		
833		333		297		10		3821		3941		10		
834		317		373		0		3155		3275		10		
835		460		90		20		5204		5324		10		
836		283		240		20		5225		5345		10		
837		317		159		30		1651		1771		10		
838		369		343		10		2500		2620		10		
839		308		365		0		6073		6193		10		
840		431		464		20		4492		4612		10		
841		57		108		10		421		541		10		
842		304		448		30		4395		4515		10		
843		44		58		0		2624		2744		10		
844		483		284		10		5101		5221		10		
845		187		278		0		5736		5856		10		
846		335		226		10		6645		6765		10		
847		200		111		10		4641		4761		10		
848		255		106		20		2549		2669		10		
849		311		273		10		3985		4105		10		
850		41		65		40		5471		5591		10		
851		258		81		30		6980		7100		10		
852		482		272		40		6658		6778		10		
853		486		156		10		274		394		10		
854		136		278		40		6081		6201		10		
855		174		266		0		4830		4950		10		
856		72		7		20		1963		2083		10		
857		50		416		30		2802		2922		10		
858		393		470		10		1410		1530		10		
859		284		263		40		2547		2667		10		
860		459		380		20		3857		3977		10		
861		77		335		10		2727		2847		10		
862		232		36		40		5702		5822		10		
863		222		174		20		3367		3487		10		
864		302		273		0		1233		1353		10		
865		91		78		40		3545		3665		10		
866		96		315		0		3993		4113		10		
867		61		304		30		2974		3094		10		
868		297		147		30		4394		4514		10		
869		83		4		10		6021		6141		10		
870		369		336		20		3698		3818		10		
871		275		428		10		859		979		10		
872		435		296		0		4117		4237		10		
873		454		59		0		6073		6193		10		
874		72		318		20		6778		6898		10		
875		383		476		40		3143		3263		10		
876		348		266		10		3918		4038		10		
877		179		301		10		3247		3367		10		
878		75		298		20		3946		4066		10		
879		353		377		30		558		678		10		
880		38		112		0		5861		5981		10		
881		15		155		10		3606		3726		10		
882		63		348		40		1925		2045		10		
883		407		248		0		1159		1279		10		
884		440		102		30		2390		2510		10		
885		464		301		40		2180		2300		10		
886		428		58		10		2671		2791		10		
887		491		308		40		1453		1573		10		
888		337		144		20		6089		6209		10		
889		401		419		30		2329		2449		10		
890		61		83		20		5882		6002		10		
891		285		302		10		5419		5539		10		
892		394		236		30		1905		2025		10		
893		197		85		0		6142		6262		10		
894		167		79		30		1536		1656		10		
895		202		176		40		5743		5863		10		
896		346		275		10		3008		3128		10		
897		153		240		40		5647		5767		10		
898		314		134		40		3502		3622		10		
899		259		96		10		3384		3504		10		
900		46		34		0		4981		5101		10		
901		199		152		0		1125		1245		10		
902		168		436		10		1284		1404		10		
903		498		416		30		3321		3441		10		
904		229		439		30		6798		6918		10		
905		202		423		10		1971		2091		10		
906		422		442		20		3023		3143		10		
907		439		326		40		2737		2857		10		
908		461		442		0		5602		5722		10		
909		433		72		30		4198		4318		10		
910		15		163		30		5662		5782		10		
911		168		245		0		256		376		10		
912		97		20		10		1529		1649		10		
913		274		173		30		1914		2034		10		
914		201		193		20		253		373		10		
915		149		415		40		1459		1579		10		
916		215		300		30		5430		5550		10		
917		156		246		40		2467		2587		10		
918		297		268		10		4329		4449		10		
919		395		449		0		5079		5199		10		
920		275		305		40		6838		6958		10		
921		306		384		30		6164		6284		10		
922		223		78		40		5181		5301		10		
923		190		286		0		666		786		10		
924		175		397		20		5175		5295		10		
925		255		83		20		1672		1792		10		
926		481		333		10		4044		4164		10		
927		275		23		0		1816		1936		10		
928		88		374		10		1080		1200		10		
929		263		195		0		3404		3524		10		
930		373		435		40		4696		4816		10		
931		133		69		10		2840		2960		10		
932		418		495		30		5213		5333		10		
933		253		176		20		1529		1649		10		
934		196		81		0		3187		3307		10		
935		298		196		20		6748		6868		10		
936		179		99		30		1525		1645		10		
937		59		52		40		1686		1806		10		
938		351		247		20		3267		3387		10		
939		443		467		40		1779		1899		10		
940		127		196		30		2809		2929		10		
941		429		468		10		6613		6733		10		
942		212		76		30		5039		5159		10		
943		480		273		0		2590		2710		10		
944		452		68		30		6578		6698		10		
945		307		139		0		4752		4872		10		
946		284		437		30		2494		2614		10		
947		426		403		30		6710		6830		10		
948		51		59		10		5196		5316		10		
949		147		281		30		3208		3328		10		
950		89		64		20		1482		1602		10		
951		469		407		30		2087		2207		10		
952		400		473		40		4881		5001		10		
953		65		393		20		2125		2245		10		
954		135		365		30		4528		4648		10		
955		182		334		30		2867		2987		10		
956		174		264		30		2667		2787		10		
957		397		457		10		764		884		10		
958		428		325		10		4707		4827		10		
959		428		314		40		2503		2623		10		
960		197		295		40		1459		1579		10		
961		439		101		10		4717		4837		10		
962		242		445		10		1745		1865		10		
963		98		38		0		2737		2857		10		
964		336		258		0		5496		5616		10		
965		274		258		20		760		880		10		
966		489		85		20		4548		4668		10		
967		81		344		20		4324		4444		10		
968		452		77		40		843		963		10		
969		48		410		20		377		497		10		
970		175		254		10		2319		2439		10		
971		60		414		20		1730		1850		10		
972		327		357		40		3014		3134		10		
973		498		319		20		2697		2817		10		
974		459		297		0		2456		2576		10		
975		53		307		0		1688		1808		10		
976		228		93		30		1913		2033		10		
977		439		483		40		3543		3663		10		
978		137		464		20		4793		4913		10		
979		477		343		10		356		476		10		
980		52		35		30		5003		5123		10		
981		462		255		10		3249		3369		10		
982		226		451		40		6199		6319		10		
983		226		170		40		4664		4784		10		
984		88		23		40		3999		4119		10		
985		68		53		20		4940		5060		10		
986		128		196		0		160		280		10		
987		74		318		0		1771		1891		10		
988		275		39		0		5519		5639		10		
989		150		277		40		6324		6444		10		
990		146		321		40		4056		4176		10		
991		263		398		10		6653		6773		10		
992		49		348		10		4070		4190		10		
993		488		166		10		740		860		10		
994		486		270		10		2039		2159		10		
995		171		448		40		4628		4748		10		
996		286		439		10		260		380		10		
997		423		315		20		6682		6802		10		
998		404		247		10		2423		2543		10		
999		146		274		0		5637		5757		10		
1000		149		225		40		3578		3698		10		
