R1_4_12

VEHICLE
NUMBER     CAPACITY
100	200

CUSTOMER
CUST NO.	XCOORD.	YCOORD.	DEMAND	READY TIME	DUE DATE	SERVICE TIME

0		100		100		0		0		804		0		
1		161		22		0		544		554		10		
2		158		43		40		675		685		10		
3		28		79		30		656		666		10		
4		34		87		40		421		431		10		
5		25		193		0		476		486		10		
6		19		98		30		562		572		10		
7		124		179		30		190		200		10		
8		192		19		0		439		449		10		
9		189		188		20		221		231		10		
10		2		182		10		494		504		10		
11		1		140		20		658		668		10		
12		93		116		10		471		481		10		
13		17		187		20		581		591		10		
14		95		128		0		433		443		10		
15		194		119		30		636		646		10		
16		29		168		30		234		244		10		
17		147		30		40		87		97		10		
18		82		118		10		415		425		10		
19		130		50		10		656		666		10		
20		68		13		10		418		428		10		
21		92		158		20		253		263		10		
22		38		181		10		175		185		10		
23		27		132		10		235		245		10		
24		86		14		40		414		424		10		
25		112		137		30		539		549		10		
26		8		147		30		451		461		10		
27		126		186		40		516		526		10		
28		57		183		0		181		191		10		
29		148		12		30		487		497		10		
30		181		70		0		409		419		10		
31		197		162		10		288		298		10		
32		94		183		20		200		210		10		
33		10		47		40		114		124		10		
34		195		30		30		524		534		10		
35		59		188		20		539		549		10		
36		85		32		30		168		178		10		
37		0		199		20		347		357		10		
38		126		62		0		612		622		10		
39		117		1		40		357		367		10		
40		197		115		0		421		431		10		
41		142		17		40		195		205		10		
42		98		98		20		487		497		10		
43		51		144		20		617		627		10		
44		176		66		40		667		677		10		
45		154		82		10		336		346		10		
46		138		60		40		275		285		10		
47		32		112		30		510		520		10		
48		94		13		30		590		600		10		
49		136		15		20		544		554		10		
50		150		90		30		183		193		10		
51		144		106		10		382		392		10		
52		194		71		0		635		645		10		
53		75		71		30		77		87		10		
54		133		14		20		203		213		10		
55		23		135		40		679		689		10		
56		187		76		10		348		358		10		
57		13		108		30		513		523		10		
58		158		184		40		424		434		10		
59		64		61		30		371		381		10		
60		178		82		20		422		432		10		
61		81		35		30		680		690		10		
62		148		17		0		128		138		10		
63		144		118		0		526		536		10		
64		165		174		30		105		115		10		
65		23		49		10		505		515		10		
66		4		119		20		419		429		10		
67		23		115		10		276		286		10		
68		159		28		20		665		675		10		
69		99		38		20		256		266		10		
70		172		108		30		78		88		10		
71		9		85		30		550		560		10		
72		142		118		20		352		362		10		
73		28		49		20		110		120		10		
74		33		143		10		213		223		10		
75		109		38		30		680		690		10		
76		89		83		40		414		424		10		
77		27		168		0		315		325		10		
78		12		7		20		512		522		10		
79		85		109		0		592		602		10		
80		146		33		10		349		359		10		
81		127		105		20		353		363		10		
82		143		188		30		151		161		10		
83		176		67		0		469		479		10		
84		188		33		0		533		543		10		
85		184		102		0		134		144		10		
86		133		86		0		160		170		10		
87		75		64		20		62		72		10		
88		45		8		30		152		162		10		
89		71		3		40		664		674		10		
90		36		82		20		185		195		10		
91		137		83		40		316		326		10		
92		49		74		10		403		413		10		
93		51		73		40		644		654		10		
94		151		162		10		262		272		10		
95		66		85		10		640		650		10		
96		107		65		0		236		246		10		
97		150		54		30		687		697		10		
98		67		78		0		106		116		10		
99		52		96		20		219		229		10		
100		71		23		10		357		367		10		
101		105		131		20		242		252		10		
102		143		146		40		317		327		10		
103		133		45		30		112		122		10		
104		17		1		10		397		407		10		
105		29		0		0		437		447		10		
106		62		26		40		121		131		10		
107		177		50		20		491		501		10		
108		75		180		0		263		273		10		
109		90		85		20		751		761		10		
110		69		32		0		88		98		10		
111		195		13		10		225		235		10		
112		10		191		10		145		155		10		
113		175		4		40		619		629		10		
114		152		181		30		500		510		10		
115		106		99		20		199		209		10		
116		26		186		10		166		176		10		
117		21		58		10		577		587		10		
118		176		24		0		275		285		10		
119		116		14		0		296		306		10		
120		180		8		10		440		450		10		
121		112		153		30		206		216		10		
122		61		120		0		63		73		10		
123		91		27		0		227		237		10		
124		140		24		40		427		437		10		
125		87		18		0		451		461		10		
126		191		161		30		275		285		10		
127		159		91		0		579		589		10		
128		180		9		10		659		669		10		
129		157		126		30		103		113		10		
130		183		17		20		359		369		10		
131		28		73		10		303		313		10		
132		138		121		30		547		557		10		
133		195		170		30		418		428		10		
134		104		124		40		606		616		10		
135		177		69		40		305		315		10		
136		10		15		40		160		170		10		
137		60		150		0		679		689		10		
138		91		44		10		273		283		10		
139		184		109		0		326		336		10		
140		21		141		0		581		591		10		
141		180		87		10		642		652		10		
142		90		175		0		144		154		10		
143		25		29		0		200		210		10		
144		66		102		0		687		697		10		
145		175		188		0		638		648		10		
146		98		197		10		391		401		10		
147		99		114		40		271		281		10		
148		57		88		10		306		316		10		
149		85		96		20		736		746		10		
150		195		33		0		162		172		10		
151		195		17		10		128		138		10		
152		80		174		40		504		514		10		
153		160		173		40		446		456		10		
154		176		166		30		400		410		10		
155		145		167		40		443		453		10		
156		197		192		10		405		415		10		
157		42		55		30		449		459		10		
158		72		13		30		574		584		10		
159		21		40		40		407		417		10		
160		106		32		0		473		483		10		
161		89		12		30		217		227		10		
162		167		137		10		486		496		10		
163		19		166		0		150		160		10		
164		74		192		40		334		344		10		
165		93		155		20		87		97		10		
166		60		109		20		208		218		10		
167		143		22		40		546		556		10		
168		107		110		10		36		46		10		
169		154		64		10		707		717		10		
170		26		20		40		364		374		10		
171		140		146		40		406		416		10		
172		30		95		10		698		708		10		
173		169		46		10		520		530		10		
174		189		114		10		570		580		10		
175		18		130		30		104		114		10		
176		8		39		0		475		485		10		
177		171		61		20		148		158		10		
178		91		53		0		494		504		10		
179		40		127		0		681		691		10		
180		194		120		30		424		434		10		
181		115		135		40		682		692		10		
182		102		187		10		87		97		10		
183		24		118		30		413		423		10		
184		25		190		30		143		153		10		
185		93		185		20		488		498		10		
186		112		44		40		205		215		10		
187		108		39		10		284		294		10		
188		123		4		30		430		440		10		
189		112		41		10		393		403		10		
190		52		180		40		534		544		10		
191		76		142		40		681		691		10		
192		122		164		40		607		617		10		
193		27		62		0		555		565		10		
194		74		178		10		278		288		10		
195		173		75		10		277		287		10		
196		37		111		20		245		255		10		
197		169		81		40		355		365		10		
198		127		73		0		587		597		10		
199		151		18		10		476		486		10		
200		19		2		0		251		261		10		
201		66		197		30		344		354		10		
202		9		52		0		488		498		10		
203		132		21		30		674		684		10		
204		22		154		30		261		271		10		
205		159		21		0		660		670		10		
206		101		113		10		317		327		10		
207		158		72		20		515		525		10		
208		15		108		0		243		253		10		
209		74		56		20		74		84		10		
210		163		96		0		468		478		10		
211		171		60		10		361		371		10		
212		83		116		40		432		442		10		
213		83		10		10		500		510		10		
214		70		65		20		374		384		10		
215		63		69		0		715		725		10		
216		146		176		20		578		588		10		
217		19		12		30		636		646		10		
218		137		172		30		296		306		10		
219		48		194		0		614		624		10		
220		156		95		40		236		246		10		
221		124		97		10		603		613		10		
222		23		164		10		432		442		10		
223		196		48		10		333		343		10		
224		18		113		20		514		524		10		
225		170		123		10		470		480		10		
226		71		28		0		645		655		10		
227		183		91		0		676		686		10		
228		98		89		10		201		211		10		
229		151		17		20		186		196		10		
230		116		3		10		313		323		10		
231		96		21		40		324		334		10		
232		158		30		20		681		691		10		
233		197		26		10		591		601		10		
234		153		110		0		351		361		10		
235		112		119		10		129		139		10		
236		144		89		10		675		685		10		
237		23		154		20		480		490		10		
238		30		157		10		640		650		10		
239		110		173		10		686		696		10		
240		196		179		40		497		507		10		
241		78		181		0		441		451		10		
242		121		106		40		362		372		10		
243		40		123		40		674		684		10		
244		140		137		30		143		153		10		
245		180		133		20		645		655		10		
246		42		70		10		276		286		10		
247		58		184		10		631		641		10		
248		15		10		30		516		526		10		
249		127		198		40		154		164		10		
250		121		190		30		487		497		10		
251		154		17		10		606		616		10		
252		132		145		40		596		606		10		
253		83		24		30		629		639		10		
254		180		139		20		676		686		10		
255		60		194		0		495		505		10		
256		146		99		0		518		528		10		
257		194		80		40		131		141		10		
258		57		165		10		530		540		10		
259		62		195		0		431		441		10		
260		40		31		0		190		200		10		
261		148		199		20		243		253		10		
262		155		2		0		499		509		10		
263		79		73		20		424		434		10		
264		163		56		10		584		594		10		
265		168		35		20		589		599		10		
266		198		103		20		291		301		10		
267		124		87		40		745		755		10		
268		115		98		20		227		237		10		
269		165		1		0		163		173		10		
270		147		87		0		122		132		10		
271		142		65		10		672		682		10		
272		191		110		40		365		375		10		
273		75		103		10		297		307		10		
274		123		191		0		371		381		10		
275		120		2		30		101		111		10		
276		118		146		30		289		299		10		
277		170		77		20		187		197		10		
278		143		68		30		679		689		10		
279		21		154		20		400		410		10		
280		38		92		10		492		502		10		
281		84		45		0		605		615		10		
282		191		166		10		576		586		10		
283		113		147		40		297		307		10		
284		48		139		40		232		242		10		
285		77		191		0		277		287		10		
286		159		99		40		264		274		10		
287		137		64		0		302		312		10		
288		81		14		40		429		439		10		
289		140		54		40		615		625		10		
290		189		38		30		434		444		10		
291		165		79		40		621		631		10		
292		13		189		20		230		240		10		
293		105		53		30		651		661		10		
294		80		7		20		273		283		10		
295		121		80		0		719		729		10		
296		30		143		0		113		123		10		
297		23		27		0		667		677		10		
298		14		111		40		451		461		10		
299		13		116		40		566		576		10		
300		86		78		0		335		345		10		
301		173		44		30		373		383		10		
302		54		142		10		483		493		10		
303		66		157		20		234		244		10		
304		17		36		40		235		245		10		
305		54		93		30		530		540		10		
306		85		116		0		569		579		10		
307		52		1		10		615		625		10		
308		178		42		10		383		393		10		
309		136		50		20		63		73		10		
310		168		128		10		300		310		10		
311		5		93		10		226		236		10		
312		38		32		20		298		308		10		
313		169		135		10		434		444		10		
314		114		90		0		645		655		10		
315		12		104		20		110		120		10		
316		33		72		0		477		487		10		
317		38		152		20		288		298		10		
318		76		15		30		178		188		10		
319		156		47		30		420		430		10		
320		129		113		20		99		109		10		
321		78		86		10		92		102		10		
322		59		50		40		166		176		10		
323		42		45		20		339		349		10		
324		187		60		0		352		362		10		
325		10		23		30		337		347		10		
326		135		99		0		328		338		10		
327		191		103		30		320		330		10		
328		135		88		20		114		124		10		
329		100		196		20		287		297		10		
330		25		0		10		388		398		10		
331		90		58		40		312		322		10		
332		142		194		0		156		166		10		
333		157		69		40		675		685		10		
334		1		8		20		338		348		10		
335		59		161		20		543		553		10		
336		109		39		20		150		160		10		
337		79		159		0		415		425		10		
338		151		183		0		97		107		10		
339		36		10		0		282		292		10		
340		8		146		20		141		151		10		
341		71		159		30		120		130		10		
342		169		71		10		609		619		10		
343		46		26		30		166		176		10		
344		119		176		30		237		247		10		
345		11		28		10		420		430		10		
346		86		76		20		435		445		10		
347		136		27		0		619		629		10		
348		132		71		20		703		713		10		
349		20		159		40		413		423		10		
350		155		162		40		330		340		10		
351		19		179		0		326		336		10		
352		68		156		30		132		142		10		
353		25		19		10		527		537		10		
354		179		22		40		134		144		10		
355		41		190		30		248		258		10		
356		78		106		10		516		526		10		
357		74		154		10		253		263		10		
358		40		171		40		238		248		10		
359		138		89		0		560		570		10		
360		166		157		30		270		280		10		
361		70		114		20		651		661		10		
362		177		170		10		672		682		10		
363		54		170		0		626		636		10		
364		140		159		0		341		351		10		
365		1		4		20		398		408		10		
366		102		96		40		323		333		10		
367		117		173		10		207		217		10		
368		103		78		0		623		633		10		
369		165		37		20		687		697		10		
370		133		72		0		693		703		10		
371		133		62		10		509		519		10		
372		76		79		20		285		295		10		
373		127		23		0		487		497		10		
374		118		88		40		749		759		10		
375		129		164		20		663		673		10		
376		43		133		10		544		554		10		
377		163		103		10		310		320		10		
378		178		78		20		581		591		10		
379		12		37		10		165		175		10		
380		1		159		10		296		306		10		
381		75		86		0		601		611		10		
382		8		137		20		223		233		10		
383		111		42		10		705		715		10		
384		70		195		20		473		483		10		
385		11		153		30		214		224		10		
386		6		148		40		280		290		10		
387		75		170		30		386		396		10		
388		114		17		20		642		652		10		
389		197		165		40		157		167		10		
390		80		97		30		589		599		10		
391		179		98		40		592		602		10		
392		72		46		0		157		167		10		
393		149		155		40		470		480		10		
394		151		60		40		491		501		10		
395		121		115		0		47		57		10		
396		11		121		10		591		601		10		
397		24		161		20		671		681		10		
398		61		157		20		145		155		10		
399		55		62		0		424		434		10		
400		115		93		10		582		592		10		
