RC1_4_18

VEHICLE
NUMBER     CAPACITY
100	200

CUSTOMER
CUST NO.	XCOORD.	YCOORD.	DEMAND	READY TIME	DUE DATE	SERVICE TIME

0		100		100		0		0		765		0		
1		171		58		0		444		474		10		
2		84		136		30		171		201		10		
3		36		184		40		596		626		10		
4		130		37		50		275		305		10		
5		132		117		10		192		222		10		
6		170		7		0		138		168		10		
7		57		181		30		165		195		10		
8		31		158		30		342		372		10		
9		71		183		30		448		478		10		
10		94		16		40		472		502		10		
11		178		182		10		433		463		10		
12		37		109		20		177		207		10		
13		98		10		20		347		377		10		
14		33		124		10		177		207		10		
15		59		112		50		650		680		10		
16		73		63		30		51		81		10		
17		153		15		10		334		364		10		
18		155		173		50		561		591		10		
19		90		3		10		463		493		10		
20		162		198		20		597		627		10		
21		191		75		10		348		378		10		
22		100		37		50		325		355		10		
23		161		154		0		212		242		10		
24		179		176		20		597		627		10		
25		72		40		50		456		486		10		
26		40		105		30		468		498		10		
27		53		55		20		612		642		10		
28		124		146		40		160		190		10		
29		94		193		0		499		529		10		
30		68		89		10		83		113		10		
31		165		54		0		443		473		10		
32		52		26		40		121		151		10		
33		69		108		10		73		103		10		
34		34		85		40		279		309		10		
35		172		172		20		182		212		10		
36		7		136		20		333		363		10		
37		181		21		30		200		230		10		
38		61		47		0		145		175		10		
39		61		164		10		556		586		10		
40		115		132		0		616		646		10		
41		120		35		40		630		660		10		
42		167		48		10		481		511		10		
43		22		41		10		324		354		10		
44		67		187		30		110		140		10		
45		24		161		50		156		186		10		
46		1		160		30		587		617		10		
47		100		25		30		532		562		10		
48		102		163		10		520		550		10		
49		38		34		40		566		596		10		
50		118		144		40		413		443		10		
51		97		124		30		103		133		10		
52		32		185		20		507		537		10		
53		52		61		40		155		185		10		
54		190		89		0		200		230		10		
55		164		195		10		302		332		10		
56		78		32		40		229		259		10		
57		21		40		0		606		636		10		
58		124		114		20		206		236		10		
59		36		30		20		147		177		10		
60		198		64		20		534		564		10		
61		121		182		50		186		216		10		
62		2		125		20		122		152		10		
63		13		84		10		575		605		10		
64		95		88		0		493		523		10		
65		59		35		30		585		615		10		
66		167		37		0		124		154		10		
67		60		172		20		357		387		10		
68		13		103		0		625		655		10		
69		197		56		40		502		532		10		
70		189		35		30		419		449		10		
71		112		176		30		488		518		10		
72		88		161		50		645		675		10		
73		98		16		10		557		587		10		
74		55		142		50		490		520		10		
75		4		122		30		303		333		10		
76		123		15		40		417		447		10		
77		110		197		20		583		613		10		
78		12		75		50		278		308		10		
79		80		61		30		138		168		10		
80		67		30		10		450		480		10		
81		161		99		50		153		183		10		
82		46		11		10		563		593		10		
83		7		35		20		213		243		10		
84		179		56		50		237		267		10		
85		121		189		20		175		205		10		
86		178		107		40		232		262		10		
87		116		50		40		467		497		10		
88		43		14		10		186		216		10		
89		35		39		40		252		282		10		
90		36		71		40		516		546		10		
91		109		0		10		561		591		10		
92		26		22		20		498		528		10		
93		133		133		10		230		260		10		
94		121		43		0		421		451		10		
95		150		84		40		252		282		10		
96		147		88		20		199		229		10		
97		183		52		30		237		267		10		
98		143		172		50		420		450		10		
99		136		6		10		512		542		10		
100		57		196		50		504		534		10		
101		72		7		50		475		505		10		
102		152		198		30		355		385		10		
103		33		166		20		602		632		10		
104		175		16		50		577		607		10		
105		43		142		30		547		577		10		
106		139		113		50		506		536		10		
107		158		126		30		608		638		10		
108		78		106		20		552		582		10		
109		109		127		10		175		205		10		
110		0		171		20		312		342		10		
111		108		63		40		46		76		10		
112		58		165		40		597		627		10		
113		54		172		30		178		208		10		
114		119		162		20		108		138		10		
115		158		57		0		74		104		10		
116		192		184		40		356		386		10		
117		142		50		30		250		280		10		
118		95		147		20		333		363		10		
119		187		126		50		539		569		10		
120		20		45		20		339		369		10		
121		62		92		30		46		76		10		
122		100		172		0		566		596		10		
123		36		131		40		582		612		10		
124		102		157		50		338		368		10		
125		138		0		40		603		633		10		
126		147		112		50		265		295		10		
127		124		154		50		145		175		10		
128		135		2		30		271		301		10		
129		91		5		10		206		236		10		
130		184		104		50		134		164		10		
131		182		79		40		547		577		10		
132		190		188		0		477		507		10		
133		26		90		40		191		221		10		
134		148		166		0		524		554		10		
135		191		127		50		211		241		10		
136		167		33		50		221		251		10		
137		108		18		20		213		243		10		
138		174		98		0		540		570		10		
139		64		72		10		608		638		10		
140		39		3		40		578		608		10		
141		184		140		10		218		248		10		
142		144		156		30		211		241		10		
143		140		0		0		408		438		10		
144		115		71		50		77		107		10		
145		154		29		50		596		626		10		
146		23		94		20		233		263		10		
147		50		63		0		166		196		10		
148		96		53		50		235		265		10		
149		130		105		30		349		379		10		
150		132		35		10		593		623		10		
151		50		92		40		389		419		10		
152		67		89		0		515		545		10		
153		169		163		40		139		169		10		
154		57		85		20		350		380		10		
155		32		175		10		613		643		10		
156		137		22		20		348		378		10		
157		11		130		10		379		409		10		
158		137		158		50		537		567		10		
159		152		78		40		533		563		10		
160		80		100		10		309		339		10		
161		71		109		0		93		123		10		
162		59		117		40		584		614		10		
163		5		178		30		244		274		10		
164		163		63		0		150		180		10		
165		104		62		30		513		543		10		
166		169		52		10		248		278		10		
167		103		97		20		648		678		10		
168		27		125		40		89		119		10		
169		124		70		20		440		470		10		
170		59		130		20		401		431		10		
171		2		171		40		462		492		10		
172		33		22		50		176		206		10		
173		39		0		50		418		448		10		
174		111		173		10		74		104		10		
175		119		4		20		556		586		10		
176		166		0		30		394		424		10		
177		53		183		0		591		621		10		
178		182		82		50		421		451		10		
179		152		62		40		343		373		10		
180		4		173		20		373		403		10		
181		177		3		40		408		438		10		
182		70		137		10		244		274		10		
183		181		119		50		290		320		10		
184		105		143		40		459		489		10		
185		118		65		50		256		286		10		
186		129		102		50		557		587		10		
187		5		171		0		307		337		10		
188		9		112		20		418		448		10		
189		173		155		40		197		227		10		
190		92		61		20		106		136		10		
191		103		62		20		410		440		10		
192		86		62		40		106		136		10		
193		59		186		10		200		230		10		
194		137		187		10		160		190		10		
195		132		116		50		37		67		10		
196		122		25		10		495		525		10		
197		129		196		40		362		392		10		
198		166		103		20		306		336		10		
199		162		37		10		254		284		10		
200		80		149		10		398		428		10		
201		65		61		50		583		613		10		
202		34		191		0		213		243		10		
203		101		8		10		453		483		10		
204		177		65		40		85		115		10		
205		62		62		20		169		199		10		
206		145		165		0		632		662		10		
207		141		113		10		468		498		10		
208		31		101		20		163		193		10		
209		161		191		0		413		443		10		
210		144		18		40		519		549		10		
211		60		54		20		236		266		10		
212		60		170		20		107		137		10		
213		89		27		30		299		329		10		
214		41		97		50		381		411		10		
215		161		10		40		585		615		10		
216		162		3		50		415		445		10		
217		80		66		50		558		588		10		
218		81		73		50		566		596		10		
219		32		113		50		129		159		10		
220		24		177		0		299		329		10		
221		99		1		20		364		394		10		
222		42		135		50		556		586		10		
223		126		124		20		296		326		10		
224		84		54		20		135		165		10		
225		166		190		20		387		417		10		
226		120		38		50		148		178		10		
227		164		55		40		621		651		10		
228		55		175		10		307		337		10		
229		168		184		30		485		515		10		
230		82		191		50		147		177		10		
231		141		117		30		46		76		10		
232		146		174		30		495		525		10		
233		175		192		10		594		624		10		
234		66		104		50		397		427		10		
235		32		122		40		248		278		10		
236		168		185		20		127		157		10		
237		165		176		10		343		373		10		
238		180		182		10		441		471		10		
239		38		179		50		396		426		10		
240		20		112		40		343		373		10		
241		156		189		50		201		231		10		
242		176		188		0		361		391		10		
243		162		18		0		477		507		10		
244		65		170		10		80		110		10		
245		174		189		30		538		568		10		
246		166		185		20		390		420		10		
247		22		127		20		171		201		10		
248		29		134		50		142		172		10		
249		173		199		10		285		315		10		
250		41		121		10		388		418		10		
251		157		172		20		438		468		10		
252		60		122		20		345		375		10		
253		180		46		50		483		513		10		
254		64		172		40		551		581		10		
255		154		4		40		458		488		10		
256		163		193		50		300		330		10		
257		183		189		50		260		290		10		
258		150		179		0		431		461		10		
259		22		151		30		118		148		10		
260		36		117		20		385		415		10		
261		165		173		50		107		137		10		
262		20		118		30		580		610		10		
263		41		127		40		276		306		10		
264		88		140		20		639		669		10		
265		36		135		20		639		669		10		
266		39		191		0		323		353		10		
267		167		5		10		161		191		10		
268		74		73		10		565		595		10		
269		143		125		0		284		314		10		
270		167		190		10		433		463		10		
271		137		121		30		268		298		10		
272		161		59		0		190		220		10		
273		139		126		10		331		361		10		
274		160		1		30		124		154		10		
275		119		30		10		413		443		10		
276		151		180		30		191		221		10		
277		178		51		10		332		362		10		
278		68		51		30		436		466		10		
279		70		193		10		417		447		10		
280		137		31		40		153		183		10		
281		166		57		20		214		244		10		
282		33		145		30		408		438		10		
283		28		128		10		360		390		10		
284		124		46		0		530		560		10		
285		160		187		50		488		518		10		
286		56		119		0		458		488		10		
287		88		7		50		311		341		10		
288		173		175		30		409		439		10		
289		38		175		20		122		152		10		
290		76		146		40		200		230		10		
291		168		191		20		564		594		10		
292		85		22		50		301		331		10		
293		102		13		50		482		512		10		
294		187		182		30		437		467		10		
295		33		130		30		416		446		10		
296		175		186		10		540		570		10		
297		30		166		30		226		256		10		
298		26		116		20		497		527		10		
299		181		66		40		592		622		10		
300		87		5		0		430		460		10		
301		95		7		40		568		598		10		
302		57		177		20		97		127		10		
303		181		10		0		265		295		10		
304		162		4		40		199		229		10		
305		78		72		40		146		176		10		
306		67		61		40		666		696		10		
307		105		16		20		502		532		10		
308		70		118		20		249		279		10		
309		46		105		30		110		140		10		
310		46		114		50		328		358		10		
311		86		10		0		434		464		10		
312		31		178		0		514		544		10		
313		176		45		50		303		333		10		
314		161		56		40		305		335		10		
315		159		5		40		407		437		10		
316		66		50		20		601		631		10		
317		22		120		50		481		511		10		
318		38		192		20		465		495		10		
319		164		45		10		544		574		10		
320		125		121		50		59		89		10		
321		79		135		30		314		344		10		
322		52		104		30		123		153		10		
323		147		15		50		367		397		10		
324		81		71		30		256		286		10		
325		26		128		10		484		514		10		
326		57		103		50		182		212		10		
327		187		189		30		163		193		10		
328		86		11		40		386		416		10		
329		154		10		40		609		639		10		
330		82		53		30		122		152		10		
331		59		108		30		662		692		10		
332		43		128		40		312		342		10		
333		144		175		40		455		485		10		
334		94		2		30		333		363		10		
335		120		126		20		539		569		10		
336		129		42		30		578		608		10		
337		50		104		50		357		387		10		
338		185		181		0		304		334		10		
339		117		25		50		498		528		10		
340		181		16		30		156		186		10		
341		83		127		20		222		252		10		
342		85		17		50		585		615		10		
343		126		107		50		304		334		10		
344		150		191		30		566		596		10		
345		103		16		50		564		594		10		
346		82		11		0		509		539		10		
347		136		34		0		607		637		10		
348		25		194		0		541		571		10		
349		43		112		50		331		361		10		
350		32		189		20		504		534		10		
351		168		7		20		415		445		10		
352		160		8		0		113		143		10		
353		82		124		30		233		263		10		
354		186		191		10		517		547		10		
355		125		122		20		576		606		10		
356		71		177		30		86		116		10		
357		154		23		20		224		254		10		
358		126		46		20		242		272		10		
359		87		139		50		297		327		10		
360		172		53		30		592		622		10		
361		46		112		0		556		586		10		
362		83		56		40		64		94		10		
363		163		3		20		374		404		10		
364		51		171		10		301		331		10		
365		25		176		40		286		316		10		
366		68		193		0		596		626		10		
367		91		17		10		544		574		10		
368		47		105		50		295		325		10		
369		103		4		30		306		336		10		
370		62		174		0		611		641		10		
371		61		73		20		148		178		10		
372		29		155		0		614		644		10		
373		92		130		20		282		312		10		
374		64		68		20		319		349		10		
375		41		103		20		185		215		10		
376		44		171		0		509		539		10		
377		123		26		30		279		309		10		
378		66		179		20		490		520		10		
379		84		2		30		583		613		10		
380		139		121		30		86		116		10		
381		58		116		0		278		308		10		
382		163		5		20		250		280		10		
383		79		10		40		525		555		10		
384		101		2		20		495		525		10		
385		169		191		20		302		332		10		
386		41		151		20		599		629		10		
387		158		190		10		331		361		10		
388		160		19		30		218		248		10		
389		61		174		0		582		612		10		
390		97		8		30		105		135		10		
391		44		193		20		196		226		10		
392		127		125		50		138		168		10		
393		153		9		50		143		173		10		
394		33		119		30		604		634		10		
395		143		5		20		167		197		10		
396		80		54		10		147		177		10		
397		73		146		10		375		405		10		
398		168		189		20		527		557		10		
399		186		175		50		173		203		10		
400		36		183		20		198		228		10		
