C2_2_17

VEHICLE
NUMBER     CAPACITY
50	700

CUSTOMER
CUST NO.	XCOORD.	YCOORD.	DEMAND	READY TIME	DUE DATE	SERVICE TIME

0		70		70		0		0		3598		0		
1		131		60		40		885		1045		90		
2		15		94		40		2349		2509		90		
3		79		101		40		2978		3138		90		
4		53		48		40		2745		2905		90		
5		100		76		10		2065		2225		90		
6		42		43		50		3123		3283		90		
7		105		68		20		3197		3357		90		
8		0		131		30		505		665		90		
9		78		16		10		1715		1875		90		
10		123		49		10		3099		3259		90		
11		127		83		20		1200		1360		90		
12		50		104		50		2305		2465		90		
13		22		58		10		193		353		90		
14		100		113		20		2450		2610		90		
15		139		119		30		449		609		90		
16		107		23		30		2391		2551		90		
17		0		61		40		1954		2114		90		
18		5		65		50		891		1051		90		
19		3		135		20		476		636		90		
20		2		74		30		844		1004		90		
21		89		25		20		3217		3377		90		
22		94		105		50		283		443		90		
23		101		74		10		422		582		90		
24		40		40		30		2598		2758		90		
25		4		67		10		2477		2637		90		
26		115		42		10		257		417		90		
27		128		92		40		2364		2524		90		
28		69		93		20		1210		1370		90		
29		9		129		50		2731		2891		90		
30		53		103		10		2388		2548		90		
31		42		50		30		2950		3110		90		
32		124		59		10		535		695		90		
33		0		72		50		2413		2573		90		
34		7		125		20		457		617		90		
35		109		75		30		320		480		90		
36		99		20		30		178		338		90		
37		70		13		30		301		461		90		
38		123		62		50		1956		2116		90		
39		18		84		10		181		341		90		
40		131		129		30		1976		2136		90		
41		26		65		20		626		786		90		
42		11		64		50		2560		2720		90		
43		17		65		20		690		850		90		
44		114		79		30		2175		2335		90		
45		115		51		40		2177		2337		90		
46		98		121		50		565		725		90		
47		88		24		30		1969		2129		90		
48		25		88		30		708		868		90		
49		105		69		20		2186		2346		90		
50		102		65		40		2760		2920		90		
51		134		127		40		1766		1926		90		
52		21		93		50		273		433		90		
53		123		75		50		1240		1400		90		
54		4		54		30		2033		2193		90		
55		49		112		20		559		719		90		
56		46		50		50		2027		2187		90		
57		138		123		30		558		718		90		
58		134		120		50		2240		2400		90		
59		134		49		10		1579		1739		90		
60		104		104		20		1157		1317		90		
61		115		64		10		948		1108		90		
62		128		118		40		299		459		90		
63		5		73		50		2383		2543		90		
64		128		60		40		2087		2247		90		
65		53		49		20		2188		2348		90		
66		133		56		30		2583		2743		90		
67		125		70		30		770		930		90		
68		43		38		20		581		741		90		
69		75		106		10		2412		2572		90		
70		77		14		40		1651		1811		90		
71		109		34		20		1178		1338		90		
72		139		111		30		2515		2675		90		
73		86		89		50		807		967		90		
74		114		78		10		1066		1226		90		
75		122		93		40		56		216		90		
76		8		131		20		1566		1726		90		
77		59		54		20		2051		2211		90		
78		11		125		50		1237		1397		90		
79		15		58		40		2550		2710		90		
80		112		21		40		553		713		90		
81		118		26		40		1617		1777		90		
82		87		118		20		542		702		90		
83		8		98		30		588		748		90		
84		64		54		50		3261		3421		90		
85		21		59		20		2558		2718		90		
86		13		74		50		2915		3075		90		
87		18		57		50		2167		2327		90		
88		119		53		50		290		450		90		
89		131		120		30		2442		2602		90		
90		96		11		10		353		513		90		
91		116		62		20		80		240		90		
92		110		50		40		1447		1607		90		
93		6		132		10		1907		2067		90		
94		70		90		10		403		563		90		
95		68		23		50		165		325		90		
96		102		73		50		1986		2146		90		
97		9		138		20		640		800		90		
98		2		61		30		2226		2386		90		
99		70		22		50		1637		1797		90		
100		130		60		40		1550		1710		90		
101		92		71		30		1846		2006		90		
102		138		93		40		1081		1241		90		
103		88		90		40		2473		2633		90		
104		13		62		40		823		983		90		
105		8		77		20		944		1104		90		
106		8		56		20		2023		2183		90		
107		7		59		50		3118		3278		90		
108		82		26		30		1338		1498		90		
109		7		68		20		2618		2778		90		
110		40		49		20		2273		2433		90		
111		83		3		20		328		488		90		
112		82		104		20		2451		2611		90		
113		131		65		10		1767		1927		90		
114		76		97		10		582		742		90		
115		135		83		20		1511		1671		90		
116		11		131		40		2422		2582		90		
117		133		94		40		3017		3177		90		
118		45		47		40		3128		3288		90		
119		80		89		20		1424		1584		90		
120		9		65		40		1322		1482		90		
121		46		52		40		1586		1746		90		
122		112		18		20		1198		1358		90		
123		138		110		50		1010		1170		90		
124		113		21		50		228		388		90		
125		45		93		20		3169		3329		90		
126		7		136		50		802		962		90		
127		37		45		10		2903		3063		90		
128		127		121		10		1822		1982		90		
129		133		109		50		1447		1607		90		
130		14		46		20		1967		2127		90		
131		4		52		20		1143		1303		90		
132		93		58		30		2042		2202		90		
133		116		67		30		148		308		90		
134		41		49		40		1289		1449		90		
135		125		52		50		592		752		90		
136		65		15		50		1742		1902		90		
137		6		118		50		2300		2460		90		
138		10		69		20		1465		1625		90		
139		128		36		10		1567		1727		90		
140		12		72		10		2039		2199		90		
141		58		103		50		1989		2149		90		
142		114		11		50		1211		1371		90		
143		9		77		30		1883		2043		90		
144		116		28		20		1189		1349		90		
145		0		120		30		2614		2774		90		
146		51		92		20		1105		1265		90		
147		123		57		50		1912		2072		90		
148		123		56		30		788		948		90		
149		13		89		30		992		1152		90		
150		110		101		20		2145		2305		90		
151		67		6		40		332		492		90		
152		1		133		50		2642		2802		90		
153		83		93		20		78		238		90		
154		55		114		50		3216		3376		90		
155		85		99		30		2645		2805		90		
156		46		110		50		270		430		90		
157		4		61		40		802		962		90		
158		50		50		50		1320		1480		90		
159		52		51		30		786		946		90		
160		11		55		40		359		519		90		
161		139		112		10		552		712		90		
162		4		56		50		2686		2846		90		
163		11		124		30		2187		2347		90		
164		40		33		10		893		1053		90		
165		4		48		50		2287		2447		90		
166		105		113		20		2910		3070		90		
167		107		79		10		491		651		90		
168		33		48		50		532		692		90		
169		31		38		10		1739		1899		90		
170		72		25		40		1453		1613		90		
171		130		117		30		634		794		90		
172		121		38		50		1329		1489		90		
173		120		52		10		2573		2733		90		
174		10		99		20		1647		1807		90		
175		127		115		10		1225		1385		90		
176		110		78		30		3174		3334		90		
177		120		65		50		597		757		90		
178		9		126		50		2237		2397		90		
179		53		47		40		3103		3263		90		
180		112		60		50		2472		2632		90		
181		87		108		50		542		702		90		
182		117		44		50		3064		3224		90		
183		3		73		20		2926		3086		90		
184		117		34		10		1833		1993		90		
185		87		101		30		3047		3207		90		
186		133		88		40		1492		1652		90		
187		128		65		50		1027		1187		90		
188		55		57		10		1554		1714		90		
189		48		104		10		3013		3173		90		
190		134		46		10		2850		3010		90		
191		129		60		10		787		947		90		
192		111		75		50		1167		1327		90		
193		1		62		40		2212		2372		90		
194		8		67		50		1123		1283		90		
195		90		76		10		1317		1477		90		
196		131		40		30		1743		1903		90		
197		100		80		20		656		816		90		
198		117		52		40		2214		2374		90		
199		26		69		10		2951		3111		90		
200		129		40		10		777		937		90		
