R1_2_19

VEHICLE
NUMBER     CAPACITY
50	200

CUSTOMER
CUST NO.	XCOORD.	YCOORD.	DEMAND	READY TIME	DUE DATE	SERVICE TIME

0		70		70		0		0		634		0		
1		22		136		0		384		394		10		
2		89		11		10		448		458		10		
3		97		86		0		277		287		10		
4		73		50		30		32		42		10		
5		61		46		0		422		432		10		
6		43		28		0		540		550		10		
7		11		3		40		489		499		10		
8		136		55		40		120		130		10		
9		70		27		20		308		318		10		
10		124		58		40		468		478		10		
11		126		100		0		390		400		10		
12		52		117		20		464		474		10		
13		117		99		40		418		428		10		
14		121		97		40		530		540		10		
15		5		86		10		192		202		10		
16		8		123		10		157		167		10		
17		9		31		0		482		492		10		
18		125		103		40		331		341		10		
19		98		95		40		331		341		10		
20		61		101		30		364		374		10		
21		90		75		30		112		122		10		
22		99		69		20		66		76		10		
23		69		18		40		112		122		10		
24		132		138		40		351		361		10		
25		121		26		30		456		466		10		
26		16		6		0		191		201		10		
27		73		19		10		147		157		10		
28		54		20		30		513		523		10		
29		32		45		20		311		321		10		
30		124		89		40		209		219		10		
31		73		70		40		419		429		10		
32		32		85		40		505		515		10		
33		118		19		10		227		237		10		
34		90		25		0		117		127		10		
35		16		38		30		248		258		10		
36		13		22		10		345		355		10		
37		25		107		30		353		363		10		
38		92		71		40		556		566		10		
39		90		81		20		354		364		10		
40		111		9		10		213		223		10		
41		130		96		30		86		96		10		
42		87		13		40		265		275		10		
43		16		105		30		395		405		10		
44		67		123		30		366		376		10		
45		89		122		10		132		142		10		
46		68		132		10		366		376		10		
47		96		135		30		255		265		10		
48		1		43		10		97		107		10		
49		46		104		40		372		382		10		
50		5		38		20		209		219		10		
51		94		74		10		181		191		10		
52		104		72		0		211		221		10		
53		57		133		40		440		450		10		
54		1		134		0		171		181		10		
55		66		34		10		117		127		10		
56		1		5		40		289		299		10		
57		19		30		0		72		82		10		
58		24		68		10		314		324		10		
59		101		11		40		333		343		10		
60		119		13		30		411		421		10		
61		122		94		20		309		319		10		
62		107		84		0		496		506		10		
63		44		104		40		464		474		10		
64		33		65		0		282		292		10		
65		17		48		20		324		334		10		
66		62		1		30		70		80		10		
67		128		73		20		486		496		10		
68		13		72		40		257		267		10		
69		70		41		30		247		257		10		
70		25		98		40		281		291		10		
71		20		109		0		203		213		10		
72		124		73		40		532		542		10		
73		112		102		10		389		399		10		
74		89		109		20		149		159		10		
75		58		80		10		503		513		10		
76		13		139		10		428		438		10		
77		89		18		40		277		287		10		
78		57		60		40		66		76		10		
79		44		113		0		151		161		10		
80		25		26		40		407		417		10		
81		85		77		0		154		164		10		
82		61		131		30		396		406		10		
83		89		138		10		80		90		10		
84		1		65		20		292		302		10		
85		63		37		30		333		343		10		
86		99		16		20		286		296		10		
87		90		11		30		222		232		10		
88		109		12		10		145		155		10		
89		102		4		20		415		425		10		
90		76		110		40		67		77		10		
91		97		121		40		183		193		10		
92		60		54		30		136		146		10		
93		63		70		40		348		358		10		
94		69		136		40		513		523		10		
95		80		11		0		112		122		10		
96		81		4		20		285		295		10		
97		114		136		20		472		482		10		
98		105		46		0		455		465		10		
99		125		66		0		367		377		10		
100		69		61		0		79		89		10		
101		18		45		10		296		306		10		
102		98		130		30		547		557		10		
103		70		139		30		479		489		10		
104		137		70		20		538		548		10		
105		91		114		10		403		413		10		
106		104		20		0		495		505		10		
107		72		96		10		276		286		10		
108		102		2		30		310		320		10		
109		10		95		40		495		505		10		
110		63		46		10		421		431		10		
111		48		133		0		449		459		10		
112		99		44		40		244		254		10		
113		1		23		30		234		244		10		
114		57		22		40		403		413		10		
115		89		98		30		553		563		10		
116		108		52		40		204		214		10		
117		55		52		20		184		194		10		
118		130		131		40		357		367		10		
119		28		137		10		296		306		10		
120		117		57		0		282		292		10		
121		118		118		30		148		158		10		
122		91		39		10		350		360		10		
123		96		24		20		203		213		10		
124		16		100		10		278		288		10		
125		74		62		0		528		538		10		
126		98		123		0		259		269		10		
127		74		95		20		517		527		10		
128		56		33		0		402		412		10		
129		53		120		20		105		115		10		
130		88		120		20		233		243		10		
131		42		58		30		365		375		10		
132		90		74		40		25		35		10		
133		81		99		30		323		333		10		
134		101		30		20		547		557		10		
135		135		102		20		408		418		10		
136		100		73		40		277		287		10		
137		82		5		20		395		405		10		
138		72		14		30		100		110		10		
139		122		103		0		510		520		10		
140		97		120		20		274		284		10		
141		17		120		10		328		338		10		
142		51		60		0		186		196		10		
143		26		59		20		328		338		10		
144		107		91		10		204		214		10		
145		18		76		0		260		270		10		
146		60		120		20		269		279		10		
147		5		114		30		354		364		10		
148		119		98		30		473		483		10		
149		78		58		0		73		83		10		
150		23		41		20		316		326		10		
151		88		118		0		343		353		10		
152		14		64		10		534		544		10		
153		137		4		30		148		158		10		
154		106		133		0		425		435		10		
155		30		30		20		538		548		10		
156		13		66		30		159		169		10		
157		122		118		30		475		485		10		
158		71		129		40		99		109		10		
159		25		3		10		313		323		10		
160		53		16		20		386		396		10		
161		136		109		40		291		301		10		
162		65		30		40		378		388		10		
163		97		88		0		492		502		10		
164		82		66		30		221		231		10		
165		35		94		40		277		287		10		
166		38		117		20		133		143		10		
167		32		15		0		405		415		10		
168		45		28		0		171		181		10		
169		121		117		10		225		235		10		
170		134		70		10		366		376		10		
171		78		115		20		166		176		10		
172		98		139		10		460		470		10		
173		87		86		10		236		246		10		
174		19		2		30		228		238		10		
175		95		40		10		327		337		10		
176		105		82		30		220		230		10		
177		1		3		20		437		447		10		
178		115		81		30		482		492		10		
179		18		88		0		426		436		10		
180		35		74		30		62		72		10		
181		108		44		0		309		319		10		
182		87		133		40		114		124		10		
183		99		109		30		502		512		10		
184		5		91		0		277		287		10		
185		107		59		20		508		518		10		
186		10		66		10		324		334		10		
187		28		85		0		75		85		10		
188		44		98		40		151		161		10		
189		124		110		20		401		411		10		
190		12		97		40		183		193		10		
191		13		90		10		350		360		10		
192		91		18		20		125		135		10		
193		10		78		20		239		249		10		
194		66		109		0		94		104		10		
195		60		0		10		439		449		10		
196		85		84		40		505		515		10		
197		81		76		30		28		38		10		
198		5		94		0		88		98		10		
199		21		111		30		470		480		10		
200		2		5		30		184		194		10		
