R2_2_12

VEHICLE
NUMBER     CAPACITY
50	1000

CUSTOMER
CUST NO.	XCOORD.	YCOORD.	DEMAND	READY TIME	DUE DATE	SERVICE TIME

0		70		70		0		0		2535		0		
1		5		62		0		2200		2207		10		
2		20		0		10		1535		1789		10		
3		43		40		0		2006		2194		10		
4		139		39		20		1024		1244		10		
5		2		12		0		1461		1469		10		
6		34		17		10		123		255		10		
7		122		76		10		663		744		10		
8		13		22		0		502		619		10		
9		71		99		10		32		167		10		
10		8		79		30		112		235		10		
11		83		132		0		865		988		10		
12		73		110		40		2134		2300		10		
13		91		14		40		1347		1522		10		
14		55		41		30		1158		1232		10		
15		4		131		40		2182		2290		10		
16		101		2		0		1197		1316		10		
17		12		116		30		364		555		10		
18		71		104		20		1892		1942		10		
19		84		106		0		1421		1466		10		
20		12		10		20		106		272		10		
21		2		32		40		1220		1328		10		
22		67		35		40		649		863		10		
23		73		29		20		2376		2477		10		
24		57		60		0		1156		1380		10		
25		102		88		20		1519		1713		10		
26		106		111		20		2196		2412		10		
27		8		131		10		1491		1559		10		
28		57		52		10		1263		1282		10		
29		126		64		40		1572		1629		10		
30		38		110		40		1720		1921		10		
31		83		109		40		1456		1582		10		
32		100		114		0		168		196		10		
33		109		133		30		1114		1346		10		
34		74		42		40		162		251		10		
35		82		119		0		1653		1822		10		
36		26		37		10		1857		2082		10		
37		64		119		30		1409		1628		10		
38		84		80		0		730		839		10		
39		62		123		0		992		1230		10		
40		119		17		30		533		626		10		
41		64		121		40		1014		1019		10		
42		99		13		20		426		482		10		
43		54		78		30		2102		2171		10		
44		34		49		20		2085		2189		10		
45		67		135		40		353		545		10		
46		103		131		20		2290		2327		10		
47		4		108		0		1886		1935		10		
48		112		127		30		1500		1564		10		
49		84		56		40		1148		1246		10		
50		122		42		40		1014		1021		10		
51		7		43		0		1152		1338		10		
52		139		2		20		1103		1197		10		
53		90		61		40		2164		2386		10		
54		54		120		10		675		837		10		
55		71		112		20		1450		1522		10		
56		66		64		10		667		855		10		
57		75		108		20		1868		2116		10		
58		117		112		0		1135		1337		10		
59		112		66		20		1988		2192		10		
60		109		44		40		929		1004		10		
61		124		116		20		911		944		10		
62		28		113		10		1189		1437		10		
63		82		7		20		519		535		10		
64		22		110		30		1304		1552		10		
65		43		38		10		1112		1306		10		
66		130		3		0		745		964		10		
67		76		110		40		1105		1307		10		
68		58		119		10		1711		1937		10		
69		113		14		20		1855		2060		10		
70		24		74		40		912		921		10		
71		95		85		20		1982		2221		10		
72		138		122		30		510		658		10		
73		118		87		20		399		554		10		
74		127		133		40		1121		1195		10		
75		32		20		10		2087		2311		10		
76		62		11		10		1757		1910		10		
77		14		37		30		2081		2222		10		
78		1		70		20		798		829		10		
79		134		15		10		310		508		10		
80		95		127		10		1279		1399		10		
81		7		12		20		1902		2017		10		
82		6		131		0		1224		1360		10		
83		9		12		20		1110		1335		10		
84		113		21		40		666		893		10		
85		30		126		0		2321		2428		10		
86		66		124		0		93		98		10		
87		18		99		10		1513		1568		10		
88		106		130		20		1414		1504		10		
89		85		101		10		1005		1031		10		
90		95		22		20		402		440		10		
91		119		29		40		369		539		10		
92		53		35		10		1395		1595		10		
93		121		76		40		2371		2397		10		
94		131		78		40		1078		1313		10		
95		79		136		0		962		1026		10		
96		79		123		40		524		732		10		
97		67		99		10		362		388		10		
98		134		93		30		997		1037		10		
99		33		123		10		1190		1268		10		
100		37		70		0		438		679		10		
101		86		132		0		519		586		10		
102		29		59		30		69		269		10		
103		111		133		30		2132		2241		10		
104		0		137		10		242		292		10		
105		117		59		0		1643		1677		10		
106		29		39		20		952		1109		10		
107		106		107		0		1117		1333		10		
108		34		74		0		2156		2396		10		
109		111		95		30		1088		1199		10		
110		74		110		20		1830		1985		10		
111		14		103		30		1037		1263		10		
112		109		45		30		66		218		10		
113		16		14		0		1859		1933		10		
114		134		55		10		1607		1731		10		
115		69		114		10		1297		1538		10		
116		76		116		20		369		423		10		
117		68		50		30		2048		2104		10		
118		24		135		40		2137		2341		10		
119		36		45		20		1862		1956		10		
120		104		17		40		1638		1797		10		
121		137		3		40		2048		2175		10		
122		131		110		10		2089		2181		10		
123		5		39		10		1253		1421		10		
124		69		26		0		2146		2189		10		
125		115		111		40		358		503		10		
126		42		27		10		932		1108		10		
127		133		48		10		1897		2056		10		
128		136		108		10		1161		1290		10		
129		92		2		20		1203		1427		10		
130		133		106		40		1651		1728		10		
131		64		54		10		1668		1815		10		
132		42		79		40		1515		1621		10		
133		137		121		10		2004		2146		10		
134		119		121		0		1932		2103		10		
135		88		19		20		689		804		10		
136		119		38		30		2051		2108		10		
137		118		117		40		1604		1652		10		
138		132		91		0		2240		2433		10		
139		34		63		0		611		669		10		
140		125		106		20		101		211		10		
141		62		68		40		58		107		10		
142		79		52		10		1285		1333		10		
143		65		114		20		1845		2057		10		
144		102		31		10		1699		1779		10		
145		95		79		30		239		470		10		
146		42		55		0		1928		2045		10		
147		133		51		40		753		891		10		
148		129		119		10		1950		2097		10		
149		137		82		20		652		757		10		
150		94		130		0		1143		1201		10		
151		120		17		30		1909		1921		10		
152		103		18		0		1928		2179		10		
153		66		14		40		204		355		10		
154		35		93		10		417		523		10		
155		80		112		10		483		563		10		
156		94		97		10		1680		1879		10		
157		93		70		30		1590		1666		10		
158		89		51		0		955		984		10		
159		100		103		30		1616		1721		10		
160		70		67		10		853		875		10		
161		31		58		30		1675		1913		10		
162		40		63		40		1656		1825		10		
163		31		12		0		930		1071		10		
164		7		35		10		483		550		10		
165		72		57		10		1798		1992		10		
166		64		84		40		1036		1279		10		
167		23		59		0		452		476		10		
168		38		4		10		1181		1394		10		
169		119		79		20		699		718		10		
170		64		88		30		2107		2222		10		
171		90		85		20		1166		1378		10		
172		17		6		30		755		760		10		
173		88		5		10		470		595		10		
174		137		23		30		1305		1543		10		
175		84		41		10		62		189		10		
176		90		93		10		1275		1323		10		
177		6		50		0		157		386		10		
178		9		43		20		70		185		10		
179		0		27		30		1145		1310		10		
180		63		113		30		1664		1778		10		
181		15		57		40		608		846		10		
182		14		21		0		1938		2072		10		
183		52		5		30		994		1102		10		
184		29		30		0		1727		1946		10		
185		51		80		40		1376		1479		10		
186		130		139		20		1796		1974		10		
187		34		41		20		1905		1984		10		
188		66		84		10		661		819		10		
189		130		14		30		1543		1575		10		
190		138		125		30		1269		1405		10		
191		5		94		20		2040		2243		10		
192		130		128		30		875		1115		10		
193		44		61		40		2006		2030		10		
194		3		139		10		690		828		10		
195		116		36		20		817		1067		10		
196		126		83		20		2256		2338		10		
197		89		136		20		2327		2355		10		
198		75		121		40		339		567		10		
199		12		75		10		839		1082		10		
200		9		3		30		1902		1916		10		
