R2_2_13

VEHICLE
NUMBER     CAPACITY
50	1000

CUSTOMER
CUST NO.	XCOORD.	YCOORD.	DEMAND	READY TIME	DUE DATE	SERVICE TIME

0		70		70		0		0		2535		0		
1		62		80		10		1821		1919		10		
2		33		137		20		1597		1632		10		
3		65		52		40		802		915		10		
4		120		54		30		1363		1508		10		
5		60		64		10		2300		2451		10		
6		13		0		20		1114		1246		10		
7		45		4		40		2217		2385		10		
8		68		55		0		1599		1812		10		
9		139		124		40		859		992		10		
10		28		44		30		1247		1285		10		
11		24		69		40		188		387		10		
12		90		50		0		1412		1523		10		
13		74		134		20		1394		1543		10		
14		90		102		30		2159		2309		10		
15		133		22		10		1268		1421		10		
16		110		45		30		217		253		10		
17		97		27		20		467		530		10		
18		132		79		0		1748		1805		10		
19		17		75		0		1626		1753		10		
20		41		77		40		51		123		10		
21		31		61		30		1348		1498		10		
22		46		89		20		434		521		10		
23		12		131		0		1541		1664		10		
24		115		30		0		1799		1838		10		
25		91		101		40		1225		1358		10		
26		13		138		0		581		830		10		
27		30		102		20		1978		2041		10		
28		122		114		20		719		859		10		
29		61		42		0		1040		1193		10		
30		110		64		40		538		574		10		
31		8		5		10		1073		1118		10		
32		40		44		20		2275		2448		10		
33		98		48		20		1807		2012		10		
34		98		131		0		1404		1512		10		
35		77		57		20		89		219		10		
36		39		73		10		683		713		10		
37		10		132		0		1467		1591		10		
38		82		38		20		918		1102		10		
39		19		1		40		952		1137		10		
40		97		59		40		689		777		10		
41		5		31		0		856		960		10		
42		9		130		30		778		982		10		
43		55		10		0		1169		1375		10		
44		41		86		10		1454		1577		10		
45		49		93		10		465		601		10		
46		31		80		0		1491		1734		10		
47		110		20		40		2078		2312		10		
48		85		41		0		1122		1233		10		
49		80		124		30		1318		1341		10		
50		137		43		20		1437		1621		10		
51		91		134		30		431		491		10		
52		55		102		40		1896		1997		10		
53		132		9		40		1203		1370		10		
54		23		15		10		671		764		10		
55		113		23		40		765		905		10		
56		27		62		0		1804		1811		10		
57		9		115		20		2290		2376		10		
58		11		98		0		1638		1704		10		
59		96		28		10		730		977		10		
60		47		23		10		1269		1381		10		
61		111		13		40		730		862		10		
62		54		61		30		1057		1120		10		
63		104		116		30		672		881		10		
64		34		91		30		235		282		10		
65		91		26		20		449		613		10		
66		115		48		20		2254		2372		10		
67		23		33		30		2261		2398		10		
68		113		69		40		2277		2471		10		
69		44		130		40		382		433		10		
70		52		108		20		1031		1197		10		
71		54		113		0		2062		2154		10		
72		14		68		10		2149		2321		10		
73		47		108		20		2019		2202		10		
74		81		56		20		1046		1052		10		
75		47		33		10		1666		1752		10		
76		113		21		10		729		762		10		
77		18		101		10		628		703		10		
78		31		86		10		1236		1413		10		
79		117		54		20		319		530		10		
80		58		11		20		2422		2436		10		
81		90		54		30		810		984		10		
82		8		121		40		563		575		10		
83		92		87		30		370		613		10		
84		17		11		30		956		1031		10		
85		99		3		10		129		295		10		
86		133		29		0		1885		2116		10		
87		102		97		10		1540		1719		10		
88		89		114		0		618		636		10		
89		25		123		10		918		1015		10		
90		56		32		0		674		923		10		
91		5		97		0		1915		1938		10		
92		39		50		40		1716		1835		10		
93		27		108		30		120		361		10		
94		30		78		10		67		301		10		
95		98		120		20		1417		1665		10		
96		4		19		0		1193		1280		10		
97		54		137		20		895		907		10		
98		20		134		10		1029		1165		10		
99		22		106		30		1265		1471		10		
100		0		60		10		565		794		10		
101		138		136		10		104		290		10		
102		78		68		40		2344		2381		10		
103		86		69		40		657		765		10		
104		101		84		30		2126		2364		10		
105		105		61		0		1667		1770		10		
106		100		46		20		91		227		10		
107		111		6		0		1628		1837		10		
108		134		12		20		238		409		10		
109		121		10		40		354		410		10		
110		28		39		40		863		905		10		
111		119		56		40		1450		1461		10		
112		139		75		20		862		969		10		
113		92		46		30		1244		1405		10		
114		136		31		0		356		537		10		
115		91		6		30		1507		1732		10		
116		129		86		10		898		1126		10		
117		25		80		40		1689		1887		10		
118		125		37		0		1857		1921		10		
119		64		61		20		2239		2493		10		
120		130		79		30		1257		1369		10		
121		135		84		40		2247		2316		10		
122		21		39		30		1543		1657		10		
123		86		102		0		1523		1565		10		
124		110		61		0		1637		1797		10		
125		10		73		0		1172		1240		10		
126		43		125		40		1412		1512		10		
127		59		32		40		307		486		10		
128		80		0		40		2127		2226		10		
129		90		97		0		1949		2156		10		
130		122		24		40		818		926		10		
131		13		34		30		1780		1988		10		
132		96		92		40		2156		2371		10		
133		13		89		20		1532		1685		10		
134		42		100		10		156		243		10		
135		83		30		10		1299		1496		10		
136		80		48		10		2057		2281		10		
137		77		104		20		2255		2462		10		
138		62		137		10		1493		1543		10		
139		22		57		20		1486		1662		10		
140		22		68		0		55		88		10		
141		93		43		0		902		998		10		
142		64		106		40		1140		1351		10		
143		121		61		40		1701		1778		10		
144		99		139		0		302		498		10		
145		49		29		40		1683		1754		10		
146		107		118		10		2060		2151		10		
147		137		79		20		2130		2231		10		
148		10		4		0		1442		1666		10		
149		11		59		40		617		782		10		
150		16		15		10		404		442		10		
151		1		100		30		1442		1679		10		
152		137		37		20		1057		1215		10		
153		43		32		30		1552		1617		10		
154		90		19		10		1947		2157		10		
155		113		110		20		419		617		10		
156		81		43		40		938		1136		10		
157		45		119		20		370		444		10		
158		8		59		0		67		199		10		
159		41		89		20		957		1047		10		
160		79		24		20		1778		1981		10		
161		60		134		20		2248		2445		10		
162		66		83		40		934		1132		10		
163		77		84		10		2249		2258		10		
164		105		7		30		831		970		10		
165		95		121		0		1889		2109		10		
166		35		41		0		2182		2340		10		
167		94		123		10		1885		1934		10		
168		58		135		20		2198		2327		10		
169		44		82		10		1874		1963		10		
170		93		95		0		683		826		10		
171		86		62		40		1986		2047		10		
172		58		38		20		986		1111		10		
173		128		24		40		1350		1510		10		
174		131		16		20		1490		1718		10		
175		110		28		20		2030		2149		10		
176		45		101		20		200		434		10		
177		68		113		30		1693		1743		10		
178		65		107		0		976		1215		10		
179		138		90		0		1621		1720		10		
180		4		62		0		406		497		10		
181		55		66		20		1602		1730		10		
182		111		78		20		228		345		10		
183		136		69		30		1974		2098		10		
184		87		105		10		695		768		10		
185		126		57		20		119		246		10		
186		33		58		20		760		823		10		
187		99		110		30		1341		1597		10		
188		60		119		20		509		747		10		
189		139		63		20		1912		2154		10		
190		87		89		20		132		359		10		
191		70		60		10		1098		1220		10		
192		10		54		10		569		686		10		
193		139		41		0		101		179		10		
194		133		108		30		311		401		10		
195		50		85		30		1426		1507		10		
196		29		64		20		969		989		10		
197		8		104		30		258		462		10		
198		75		103		0		1815		1896		10		
199		134		2		40		1535		1556		10		
200		41		41		30		140		352		10		
