RC1_2_14

VEHICLE
NUMBER     CAPACITY
50	200

CUSTOMER
CUST NO.	XCOORD.	YCOORD.	DEMAND	READY TIME	DUE DATE	SERVICE TIME

0		70		70		0		0		634		0		
1		82		115		0		287		317		10		
2		88		96		10		327		357		10		
3		94		85		30		191		221		10		
4		108		99		40		266		296		10		
5		104		42		40		162		192		10		
6		22		25		10		314		344		10		
7		133		39		40		468		498		10		
8		97		129		0		301		331		10		
9		111		7		10		473		503		10		
10		126		65		10		368		398		10		
11		116		17		20		277		307		10		
12		56		24		30		538		568		10		
13		78		20		10		296		326		10		
14		82		87		20		229		259		10		
15		55		4		30		222		252		10		
16		36		119		30		458		488		10		
17		41		55		10		450		480		10		
18		108		11		20		187		217		10		
19		14		59		20		421		451		10		
20		137		92		20		337		367		10		
21		26		113		40		433		463		10		
22		50		85		10		376		406		10		
23		91		116		40		160		190		10		
24		133		107		20		338		368		10		
25		44		117		10		442		472		10		
26		127		107		30		438		468		10		
27		120		4		0		469		499		10		
28		113		97		0		339		369		10		
29		16		49		20		426		456		10		
30		13		18		20		432		462		10		
31		61		5		10		433		463		10		
32		130		123		10		130		160		10		
33		23		110		10		444		474		10		
34		105		34		40		453		483		10		
35		50		75		40		363		393		10		
36		62		77		30		395		425		10		
37		19		119		40		433		463		10		
38		9		92		40		488		518		10		
39		94		51		40		60		90		10		
40		2		66		30		156		186		10		
41		40		34		10		486		516		10		
42		75		66		30		122		152		10		
43		6		50		40		139		169		10		
44		129		44		0		196		226		10		
45		129		78		30		425		455		10		
46		135		99		20		243		273		10		
47		73		47		0		254		284		10		
48		10		34		10		314		344		10		
49		8		103		0		268		298		10		
50		125		95		30		191		221		10		
51		50		80		0		72		102		10		
52		82		41		40		148		178		10		
53		109		58		30		207		237		10		
54		98		63		30		232		262		10		
55		87		43		30		50		80		10		
56		61		14		40		194		224		10		
57		95		90		20		487		517		10		
58		51		63		10		31		61		10		
59		66		77		40		455		485		10		
60		89		70		0		484		514		10		
61		127		96		40		199		229		10		
62		124		77		30		228		258		10		
63		53		86		20		380		410		10		
64		98		60		10		554		584		10		
65		5		19		10		469		499		10		
66		8		116		0		401		431		10		
67		5		47		10		156		186		10		
68		22		107		30		394		424		10		
69		22		74		10		317		347		10		
70		135		72		0		244		274		10		
71		1		54		40		75		105		10		
72		58		139		10		417		447		10		
73		69		71		0		162		192		10		
74		79		67		10		368		398		10		
75		125		28		0		406		436		10		
76		35		84		40		354		384		10		
77		137		91		0		77		107		10		
78		89		112		40		115		145		10		
79		77		6		0		192		222		10		
80		11		131		20		364		394		10		
81		77		92		40		107		137		10		
82		92		112		30		112		142		10		
83		133		51		0		243		273		10		
84		132		74		30		328		358		10		
85		69		17		40		117		147		10		
86		3		31		30		497		527		10		
87		8		4		20		320		350		10		
88		95		71		0		268		298		10		
89		111		80		20		243		273		10		
90		62		42		0		421		451		10		
91		14		131		40		143		173		10		
92		2		31		10		298		328		10		
93		39		78		20		488		518		10		
94		49		51		0		33		63		10		
95		31		47		0		282		312		10		
96		113		45		0		254		284		10		
97		92		10		0		253		283		10		
98		121		37		40		150		180		10		
99		77		100		20		43		73		10		
100		62		132		20		225		255		10		
101		134		73		0		384		414		10		
102		125		73		30		130		160		10		
103		115		46		20		445		475		10		
104		126		40		10		519		549		10		
105		83		96		40		89		119		10		
106		92		77		0		95		125		10		
107		102		73		0		531		561		10		
108		103		83		40		224		254		10		
109		118		103		30		366		396		10		
110		92		91		30		294		324		10		
111		115		9		30		181		211		10		
112		136		34		0		189		219		10		
113		123		63		30		107		137		10		
114		92		102		40		434		464		10		
115		78		92		10		60		90		10		
116		100		107		10		426		456		10		
117		93		95		40		352		382		10		
118		105		42		10		402		432		10		
119		97		108		0		119		149		10		
120		10		36		30		266		296		10		
121		90		122		0		122		152		10		
122		125		35		20		150		180		10		
123		115		31		10		428		458		10		
124		86		131		30		523		553		10		
125		94		93		20		527		557		10		
126		134		58		20		262		292		10		
127		118		109		40		131		161		10		
128		14		19		30		480		510		10		
129		107		1		30		397		427		10		
130		86		93		10		68		98		10		
131		99		10		30		193		223		10		
132		135		71		10		291		321		10		
133		100		105		20		191		221		10		
134		133		37		0		211		241		10		
135		90		85		0		160		190		10		
136		96		34		30		446		476		10		
137		135		31		10		471		501		10		
138		94		35		40		543		573		10		
139		87		101		40		270		300		10		
140		28		32		20		487		517		10		
141		133		40		20		515		545		10		
142		127		61		10		469		499		10		
143		90		104		30		200		230		10		
144		99		77		10		102		132		10		
145		134		49		10		475		505		10		
146		102		79		10		388		418		10		
147		139		33		10		289		319		10		
148		96		107		40		123		153		10		
149		106		126		30		151		181		10		
150		117		100		40		293		323		10		
151		11		36		0		329		359		10		
152		32		35		0		63		93		10		
153		21		35		0		95		125		10		
154		135		30		0		415		445		10		
155		107		121		20		218		248		10		
156		93		101		20		326		356		10		
157		97		92		0		490		520		10		
158		123		45		30		263		293		10		
159		117		3		40		445		475		10		
160		128		32		10		261		291		10		
161		114		13		20		233		263		10		
162		129		31		0		76		106		10		
163		99		127		40		520		550		10		
164		27		23		20		514		544		10		
165		110		46		10		385		415		10		
166		121		38		0		129		159		10		
167		121		65		20		69		99		10		
168		93		139		40		141		171		10		
169		133		29		40		100		130		10		
170		102		103		0		208		238		10		
171		13		32		0		124		154		10		
172		127		49		30		133		163		10		
173		101		3		10		272		302		10		
174		95		134		30		273		303		10		
175		100		134		40		419		449		10		
176		108		135		20		438		468		10		
177		104		1		20		246		276		10		
178		103		137		30		131		161		10		
179		110		110		30		321		351		10		
180		106		87		0		99		129		10		
181		87		90		0		137		167		10		
182		105		80		10		522		552		10		
183		118		101		30		288		318		10		
184		112		38		40		107		137		10		
185		99		91		30		417		447		10		
186		101		103		10		235		265		10		
187		122		58		20		102		132		10		
188		108		98		40		428		458		10		
189		83		90		40		433		463		10		
190		100		126		0		336		366		10		
191		104		33		30		369		399		10		
192		122		18		10		119		149		10		
193		84		73		0		543		573		10		
194		114		59		0		282		312		10		
195		98		121		0		404		434		10		
196		95		132		20		315		345		10		
197		86		94		0		244		274		10		
198		92		105		40		124		154		10		
199		131		59		30		104		134		10		
200		124		74		40		350		380		10		
