RC2_6_20

VEHICLE
NUMBER     CAPACITY
150	1000

CUSTOMER
CUST NO.	XCOORD.	YCOORD.	DEMAND	READY TIME	DUE DATE	SERVICE TIME

0		150		150		0		0		4823		0		
1		134		139		0		3934		4054		10		
2		279		298		10		3221		3341		10		
3		23		249		10		1252		1372		10		
4		196		176		0		4623		4743		10		
5		231		189		40		1520		1640		10		
6		78		35		40		168		288		10		
7		105		179		20		4434		4554		10		
8		256		167		30		1146		1266		10		
9		68		180		20		2018		2138		10		
10		81		126		30		1427		1547		10		
11		74		268		10		856		976		10		
12		105		280		10		2130		2250		10		
13		64		196		40		1917		2037		10		
14		223		198		40		2526		2646		10		
15		7		143		30		4210		4330		10		
16		166		76		0		2717		2837		10		
17		283		25		40		603		723		10		
18		140		23		10		4097		4217		10		
19		234		280		40		1067		1187		10		
20		243		197		20		446		566		10		
21		37		175		0		2889		3009		10		
22		106		78		0		1904		2024		10		
23		111		158		0		2242		2362		10		
24		228		70		0		1325		1445		10		
25		201		243		0		3477		3597		10		
26		72		207		10		2232		2352		10		
27		226		250		0		4370		4490		10		
28		261		146		30		3274		3394		10		
29		118		68		20		593		713		10		
30		119		237		40		3552		3672		10		
31		197		125		10		116		236		10		
32		156		172		10		3913		4033		10		
33		267		96		30		4558		4678		10		
34		246		120		20		1939		2059		10		
35		277		189		0		2771		2891		10		
36		206		7		30		3118		3238		10		
37		161		13		20		2669		2789		10		
38		80		210		10		3025		3145		10		
39		229		264		10		2340		2460		10		
40		88		50		20		264		384		10		
41		252		167		0		1277		1397		10		
42		271		43		0		482		602		10		
43		292		80		30		2663		2783		10		
44		279		251		30		847		967		10		
45		180		66		20		4052		4172		10		
46		285		33		30		335		455		10		
47		187		28		20		1121		1241		10		
48		113		246		40		2726		2846		10		
49		208		86		10		209		329		10		
50		27		52		0		2168		2288		10		
51		31		123		0		245		365		10		
52		185		158		40		3463		3583		10		
53		262		134		10		4517		4637		10		
54		156		132		40		3985		4105		10		
55		149		103		20		2644		2764		10		
56		51		294		20		329		449		10		
57		237		193		20		2094		2214		10		
58		263		53		40		1356		1476		10		
59		199		276		40		2748		2868		10		
60		124		87		20		3360		3480		10		
61		40		125		30		2152		2272		10		
62		299		1		20		1367		1487		10		
63		58		137		30		3330		3450		10		
64		85		249		40		1650		1770		10		
65		241		203		20		3537		3657		10		
66		226		35		40		3731		3851		10		
67		87		213		30		1967		2087		10		
68		289		241		40		345		465		10		
69		176		166		0		3204		3324		10		
70		5		284		40		3679		3799		10		
71		117		37		0		2025		2145		10		
72		136		185		40		4127		4247		10		
73		15		114		10		752		872		10		
74		104		209		10		2588		2708		10		
75		273		149		0		2176		2296		10		
76		201		146		20		939		1059		10		
77		222		122		30		842		962		10		
78		99		48		30		3344		3464		10		
79		252		33		10		1365		1485		10		
80		28		113		30		1357		1477		10		
81		169		4		20		4101		4221		10		
82		204		57		20		891		1011		10		
83		175		17		30		912		1032		10		
84		286		180		20		2048		2168		10		
85		208		16		10		2419		2539		10		
86		163		278		30		2225		2345		10		
87		238		273		10		2121		2241		10		
88		190		161		40		2347		2467		10		
89		294		47		20		888		1008		10		
90		174		2		40		1742		1862		10		
91		182		279		10		2028		2148		10		
92		143		41		40		247		367		10		
93		97		72		0		3405		3525		10		
94		295		263		20		1516		1636		10		
95		4		121		10		340		460		10		
96		62		68		20		3333		3453		10		
97		11		185		30		736		856		10		
98		76		133		10		3152		3272		10		
99		10		278		20		3726		3846		10		
100		91		119		0		295		415		10		
101		223		117		20		3849		3969		10		
102		44		137		20		726		846		10		
103		248		188		0		143		263		10		
104		135		216		0		242		362		10		
105		0		76		30		791		911		10		
106		190		246		10		3256		3376		10		
107		188		30		10		3148		3268		10		
108		111		21		40		2159		2279		10		
109		51		297		30		502		622		10		
110		280		210		30		1390		1510		10		
111		222		195		40		1530		1650		10		
112		178		17		10		2601		2721		10		
113		247		29		0		2685		2805		10		
114		22		34		10		3898		4018		10		
115		40		23		10		2565		2685		10		
116		293		290		0		2189		2309		10		
117		189		223		40		3934		4054		10		
118		281		98		20		4455		4575		10		
119		249		128		0		1063		1183		10		
120		83		30		0		1240		1360		10		
121		132		94		20		1322		1442		10		
122		35		125		20		2058		2178		10		
123		213		299		20		2792		2912		10		
124		82		138		30		3611		3731		10		
125		186		195		40		1204		1324		10		
126		82		32		0		3211		3331		10		
127		39		230		10		996		1116		10		
128		120		163		20		316		436		10		
129		275		39		30		2096		2216		10		
130		62		8		40		281		401		10		
131		43		51		40		1461		1581		10		
132		282		39		0		2318		2438		10		
133		71		197		0		3196		3316		10		
134		191		200		10		2869		2989		10		
135		26		256		30		198		318		10		
136		268		233		20		4052		4172		10		
137		90		152		20		1047		1167		10		
138		67		1		20		4454		4574		10		
139		215		33		20		191		311		10		
140		82		3		40		3328		3448		10		
141		220		229		20		1781		1901		10		
142		127		151		20		1811		1931		10		
143		160		134		0		3579		3699		10		
144		2		181		10		287		407		10		
145		77		24		0		555		675		10		
146		70		8		10		4139		4259		10		
147		69		40		0		3873		3993		10		
148		233		41		40		2448		2568		10		
149		70		212		0		2231		2351		10		
150		33		166		40		2501		2621		10		
151		34		125		30		1228		1348		10		
152		26		28		20		1208		1328		10		
153		153		269		20		1736		1856		10		
154		277		105		30		1711		1831		10		
155		129		91		30		2492		2612		10		
156		76		63		40		2970		3090		10		
157		120		199		40		128		248		10		
158		80		10		20		4289		4409		10		
159		115		132		0		337		457		10		
160		287		128		20		1057		1177		10		
161		91		91		30		4083		4203		10		
162		254		55		20		867		987		10		
163		105		17		30		1552		1672		10		
164		164		68		20		1352		1472		10		
165		220		233		40		2132		2252		10		
166		56		53		30		2690		2810		10		
167		231		172		0		3747		3867		10		
168		266		117		10		1922		2042		10		
169		255		5		10		3728		3848		10		
170		191		150		20		2028		2148		10		
171		254		141		0		4221		4341		10		
172		204		269		40		1568		1688		10		
173		136		238		30		318		438		10		
174		105		299		40		3129		3249		10		
175		54		0		0		3840		3960		10		
176		127		73		40		1605		1725		10		
177		19		218		0		2439		2559		10		
178		8		266		10		1017		1137		10		
179		221		146		10		619		739		10		
180		283		284		10		628		748		10		
181		29		39		0		3074		3194		10		
182		45		167		10		3637		3757		10		
183		56		89		30		1273		1393		10		
184		223		173		20		2382		2502		10		
185		0		223		30		1129		1249		10		
186		87		150		10		2760		2880		10		
187		95		89		20		3657		3777		10		
188		298		243		40		3326		3446		10		
189		177		124		20		776		896		10		
190		74		276		30		4472		4592		10		
191		56		280		10		2882		3002		10		
192		204		69		0		2739		2859		10		
193		144		206		20		485		605		10		
194		46		269		40		1020		1140		10		
195		148		1		10		3697		3817		10		
196		105		175		40		1732		1852		10		
197		297		6		20		2689		2809		10		
198		162		186		20		363		483		10		
199		33		155		0		3682		3802		10		
200		104		208		10		3245		3365		10		
201		209		158		40		3609		3729		10		
202		268		208		20		1489		1609		10		
203		261		112		40		2507		2627		10		
204		120		29		10		3500		3620		10		
205		137		100		30		471		591		10		
206		84		247		30		1645		1765		10		
207		298		45		30		2444		2564		10		
208		125		44		40		3719		3839		10		
209		172		9		0		2331		2451		10		
210		41		152		30		3383		3503		10		
211		243		14		20		3056		3176		10		
212		266		168		30		4332		4452		10		
213		21		126		30		4280		4400		10		
214		111		147		30		3296		3416		10		
215		193		263		20		2980		3100		10		
216		188		299		40		2552		2672		10		
217		128		118		30		896		1016		10		
218		218		22		30		3674		3794		10		
219		54		109		20		3562		3682		10		
220		260		161		40		1065		1185		10		
221		211		214		10		3796		3916		10		
222		123		59		30		2711		2831		10		
223		26		83		0		3951		4071		10		
224		199		137		30		3275		3395		10		
225		41		124		40		698		818		10		
226		95		92		20		1687		1807		10		
227		179		231		0		520		640		10		
228		36		107		0		3566		3686		10		
229		105		89		10		2732		2852		10		
230		128		1		10		1838		1958		10		
231		174		287		20		4330		4450		10		
232		27		141		40		961		1081		10		
233		144		236		20		2986		3106		10		
234		247		94		30		3180		3300		10		
235		218		43		20		4487		4607		10		
236		102		283		40		3121		3241		10		
237		97		261		20		3839		3959		10		
238		106		30		0		3381		3501		10		
239		182		135		10		762		882		10		
240		192		174		40		2748		2868		10		
241		244		116		30		3553		3673		10		
242		214		143		40		688		808		10		
243		201		112		20		2832		2952		10		
244		239		153		10		162		282		10		
245		257		130		0		2887		3007		10		
246		153		110		30		3899		4019		10		
247		23		3		30		2645		2765		10		
248		221		127		20		107		227		10		
249		140		13		40		1121		1241		10		
250		36		181		40		586		706		10		
251		141		167		10		2220		2340		10		
252		155		237		0		1971		2091		10		
253		126		295		30		3340		3460		10		
254		164		155		10		4451		4571		10		
255		172		31		40		3616		3736		10		
256		92		248		0		4153		4273		10		
257		1		296		40		3276		3396		10		
258		258		184		0		2259		2379		10		
259		287		106		0		3731		3851		10		
260		181		62		40		2228		2348		10		
261		124		47		20		2080		2200		10		
262		6		108		30		3575		3695		10		
263		103		123		20		4416		4536		10		
264		137		10		30		1231		1351		10		
265		104		287		30		1544		1664		10		
266		150		194		0		1247		1367		10		
267		31		160		10		3579		3699		10		
268		244		218		20		371		491		10		
269		267		191		30		406		526		10		
270		169		184		40		846		966		10		
271		83		97		0		2648		2768		10		
272		253		199		20		3046		3166		10		
273		75		95		30		161		281		10		
274		44		115		30		945		1065		10		
275		29		83		30		2152		2272		10		
276		54		142		10		275		395		10		
277		185		279		0		4414		4534		10		
278		265		235		10		3325		3445		10		
279		276		71		30		3828		3948		10		
280		239		283		0		2823		2943		10		
281		191		271		10		2829		2949		10		
282		239		151		0		4348		4468		10		
283		160		277		10		1059		1179		10		
284		123		231		20		1649		1769		10		
285		288		170		40		2236		2356		10		
286		66		182		30		3353		3473		10		
287		195		6		20		4322		4442		10		
288		201		137		30		568		688		10		
289		106		104		10		3928		4048		10		
290		168		261		10		1047		1167		10		
291		74		212		30		1254		1374		10		
292		141		164		20		1802		1922		10		
293		128		149		0		1885		2005		10		
294		177		186		20		3051		3171		10		
295		284		22		30		2160		2280		10		
296		32		101		20		3051		3171		10		
297		87		92		40		3951		4071		10		
298		75		240		0		3766		3886		10		
299		12		214		20		2392		2512		10		
300		256		38		40		3910		4030		10		
301		66		207		30		361		481		10		
302		92		281		40		3901		4021		10		
303		234		201		20		2667		2787		10		
304		110		176		0		2731		2851		10		
305		64		197		30		2023		2143		10		
306		258		299		0		311		431		10		
307		113		62		20		1622		1742		10		
308		230		245		20		4534		4654		10		
309		279		15		10		1748		1868		10		
310		99		63		30		1505		1625		10		
311		78		19		0		3632		3752		10		
312		45		175		40		2176		2296		10		
313		144		151		20		2534		2654		10		
314		213		192		10		449		569		10		
315		139		240		40		3478		3598		10		
316		63		108		20		3789		3909		10		
317		83		208		10		2835		2955		10		
318		190		229		20		2189		2309		10		
319		111		229		10		4150		4270		10		
320		33		191		20		2621		2741		10		
321		243		62		20		1095		1215		10		
322		216		189		0		1692		1812		10		
323		103		163		30		2895		3015		10		
324		237		197		10		3726		3846		10		
325		8		163		20		1559		1679		10		
326		242		205		20		3600		3720		10		
327		69		19		40		4352		4472		10		
328		120		281		30		1192		1312		10		
329		55		162		40		3292		3412		10		
330		17		156		40		1584		1704		10		
331		235		213		20		905		1025		10		
332		38		265		40		3644		3764		10		
333		116		276		20		2471		2591		10		
334		114		191		40		606		726		10		
335		111		74		20		420		540		10		
336		92		139		30		4121		4241		10		
337		269		126		0		1190		1310		10		
338		117		70		30		903		1023		10		
339		221		184		30		4470		4590		10		
340		120		128		20		2486		2606		10		
341		68		168		30		4008		4128		10		
342		126		269		20		955		1075		10		
343		259		285		30		751		871		10		
344		266		157		20		1105		1225		10		
345		124		286		0		2034		2154		10		
346		83		207		20		4495		4615		10		
347		79		174		10		3947		4067		10		
348		18		178		40		2394		2514		10		
349		53		184		10		896		1016		10		
350		251		171		30		1076		1196		10		
351		77		120		40		2099		2219		10		
352		108		293		10		4476		4596		10		
353		96		156		30		82		202		10		
354		120		55		30		1320		1440		10		
355		281		291		0		1777		1897		10		
356		273		297		20		4196		4316		10		
357		0		248		0		2993		3113		10		
358		210		64		10		2588		2708		10		
359		48		194		30		2657		2777		10		
360		261		149		40		2568		2688		10		
361		120		7		30		3527		3647		10		
362		109		168		10		4530		4650		10		
363		225		65		10		1318		1438		10		
364		176		81		30		4161		4281		10		
365		22		179		0		2628		2748		10		
366		130		233		20		4545		4665		10		
367		235		181		40		1244		1364		10		
368		2		125		0		3037		3157		10		
369		11		157		30		1029		1149		10		
370		98		198		10		1633		1753		10		
371		222		189		20		3115		3235		10		
372		290		11		20		554		674		10		
373		21		132		20		2493		2613		10		
374		123		44		20		433		553		10		
375		190		159		40		2232		2352		10		
376		67		33		0		1173		1293		10		
377		63		182		0		3117		3237		10		
378		22		186		40		1812		1932		10		
379		258		288		30		4096		4216		10		
380		112		292		20		3781		3901		10		
381		2		122		10		2499		2619		10		
382		243		171		40		2055		2175		10		
383		150		62		10		3738		3858		10		
384		56		272		0		1890		2010		10		
385		149		3		20		2371		2491		10		
386		23		150		20		3152		3272		10		
387		54		188		30		1760		1880		10		
388		47		196		20		4450		4570		10		
389		76		29		0		4542		4662		10		
390		246		159		10		3708		3828		10		
391		237		88		0		3183		3303		10		
392		34		181		10		2459		2579		10		
393		257		145		20		2977		3097		10		
394		38		165		10		3963		4083		10		
395		87		288		0		502		622		10		
396		113		164		20		1906		2026		10		
397		118		231		10		1351		1471		10		
398		40		263		0		834		954		10		
399		124		193		40		1182		1302		10		
400		250		190		30		456		576		10		
401		92		77		10		3764		3884		10		
402		76		107		30		3565		3685		10		
403		67		40		30		4185		4305		10		
404		26		243		40		1901		2021		10		
405		95		93		20		3600		3720		10		
406		26		196		0		1139		1259		10		
407		99		73		0		2285		2405		10		
408		100		96		0		1626		1746		10		
409		142		157		40		2214		2334		10		
410		205		167		20		2760		2880		10		
411		66		188		30		2692		2812		10		
412		69		198		20		193		313		10		
413		293		39		20		3237		3357		10		
414		75		51		40		1383		1503		10		
415		133		253		30		467		587		10		
416		124		265		0		1917		2037		10		
417		239		267		0		2043		2163		10		
418		232		206		40		3289		3409		10		
419		206		166		30		886		1006		10		
420		22		157		40		3444		3564		10		
421		228		175		10		979		1099		10		
422		76		127		30		2898		3018		10		
423		115		78		40		2940		3060		10		
424		253		148		40		4308		4428		10		
425		41		181		10		3115		3235		10		
426		94		127		10		4260		4380		10		
427		135		152		20		800		920		10		
428		71		113		30		2977		3097		10		
429		69		190		20		1976		2096		10		
430		158		20		40		4496		4616		10		
431		90		29		0		3249		3369		10		
432		123		268		10		4274		4394		10		
433		94		177		0		446		566		10		
434		204		270		40		3635		3755		10		
435		95		109		30		2754		2874		10		
436		117		38		30		1714		1834		10		
437		53		286		30		2439		2559		10		
438		55		46		30		1124		1244		10		
439		124		274		10		2021		2141		10		
440		69		26		0		1051		1171		10		
441		257		299		20		3951		4071		10		
442		245		155		10		1075		1195		10		
443		134		15		0		4020		4140		10		
444		69		159		10		191		311		10		
445		237		53		0		2129		2249		10		
446		259		283		20		1877		1997		10		
447		10		133		0		1744		1864		10		
448		84		183		0		1351		1471		10		
449		58		281		40		767		887		10		
450		266		8		20		1966		2086		10		
451		259		174		20		3055		3175		10		
452		236		66		0		3307		3427		10		
453		230		53		10		3095		3215		10		
454		269		171		30		1258		1378		10		
455		27		195		0		3004		3124		10		
456		95		85		10		1248		1368		10		
457		109		141		40		895		1015		10		
458		136		234		30		1201		1321		10		
459		205		248		30		3665		3785		10		
460		127		47		40		166		286		10		
461		74		284		10		2816		2936		10		
462		119		299		0		630		750		10		
463		222		256		20		2741		2861		10		
464		67		289		30		3123		3243		10		
465		24		246		0		4156		4276		10		
466		249		205		40		3306		3426		10		
467		247		50		0		3535		3655		10		
468		268		3		0		3204		3324		10		
469		218		64		40		2345		2465		10		
470		247		198		10		3157		3277		10		
471		115		222		0		1683		1803		10		
472		290		13		20		3768		3888		10		
473		114		49		30		4239		4359		10		
474		264		194		40		3468		3588		10		
475		107		240		20		1086		1206		10		
476		93		292		40		4529		4649		10		
477		244		219		10		1767		1887		10		
478		85		35		20		2621		2741		10		
479		157		79		0		1714		1834		10		
480		274		164		20		4209		4329		10		
481		182		96		0		1753		1873		10		
482		59		188		30		853		973		10		
483		187		78		40		2106		2226		10		
484		37		176		40		1027		1147		10		
485		221		196		20		4284		4404		10		
486		95		269		0		695		815		10		
487		71		281		0		3835		3955		10		
488		246		261		20		600		720		10		
489		194		229		20		983		1103		10		
490		259		130		20		925		1045		10		
491		293		10		10		4447		4567		10		
492		117		189		10		3258		3378		10		
493		256		147		20		4045		4165		10		
494		112		70		0		2168		2288		10		
495		130		159		10		1136		1256		10		
496		208		176		10		4156		4276		10		
497		236		192		40		272		392		10		
498		215		176		0		3274		3394		10		
499		243		199		20		2512		2632		10		
500		209		241		10		3706		3826		10		
501		262		26		30		1148		1268		10		
502		51		163		40		2815		2935		10		
503		273		186		20		4019		4139		10		
504		297		41		40		1077		1197		10		
505		239		209		30		4448		4568		10		
506		52		167		10		2105		2225		10		
507		95		190		30		3976		4096		10		
508		113		240		40		3614		3734		10		
509		197		229		10		4081		4201		10		
510		86		181		20		2997		3117		10		
511		217		194		10		227		347		10		
512		223		188		0		3920		4040		10		
513		90		17		40		2477		2597		10		
514		90		147		40		3457		3577		10		
515		122		279		20		2474		2594		10		
516		68		183		30		4084		4204		10		
517		232		75		40		4178		4298		10		
518		293		289		10		4257		4377		10		
519		102		295		40		3361		3481		10		
520		87		220		20		4403		4523		10		
521		238		65		40		551		671		10		
522		207		157		30		4302		4422		10		
523		208		50		30		2458		2578		10		
524		118		128		40		3356		3476		10		
525		85		287		0		1158		1278		10		
526		131		156		40		2792		2912		10		
527		88		282		30		691		811		10		
528		125		151		0		729		849		10		
529		261		33		10		3075		3195		10		
530		216		180		10		1102		1222		10		
531		280		298		20		940		1060		10		
532		133		133		0		346		466		10		
533		66		199		10		2563		2683		10		
534		239		229		30		3804		3924		10		
535		273		152		30		1300		1420		10		
536		13		160		10		2323		2443		10		
537		252		283		10		1024		1144		10		
538		224		80		30		3469		3589		10		
539		199		191		40		3045		3165		10		
540		246		153		30		1211		1331		10		
541		119		69		40		3104		3224		10		
542		84		197		10		3338		3458		10		
543		32		160		10		1561		1681		10		
544		36		269		0		3782		3902		10		
545		203		185		10		631		751		10		
546		186		174		10		1126		1246		10		
547		219		233		0		1459		1579		10		
548		191		242		0		3868		3988		10		
549		102		47		0		309		429		10		
550		104		156		40		2759		2879		10		
551		262		157		10		1524		1644		10		
552		237		168		10		1081		1201		10		
553		43		259		0		2315		2435		10		
554		204		185		40		3152		3272		10		
555		78		196		0		2597		2717		10		
556		126		85		20		4147		4267		10		
557		244		204		30		2760		2880		10		
558		131		151		10		4409		4529		10		
559		134		76		10		655		775		10		
560		177		173		30		2628		2748		10		
561		186		258		10		3826		3946		10		
562		189		178		30		4456		4576		10		
563		113		198		0		1734		1854		10		
564		90		86		40		1181		1301		10		
565		94		266		0		1895		2015		10		
566		100		148		0		2496		2616		10		
567		49		195		0		2698		2818		10		
568		47		201		20		1812		1932		10		
569		229		59		30		965		1085		10		
570		241		156		40		2297		2417		10		
571		206		252		0		1676		1796		10		
572		29		183		40		1416		1536		10		
573		112		150		0		2564		2684		10		
574		214		194		0		2285		2405		10		
575		32		181		0		1355		1475		10		
576		97		177		20		3862		3982		10		
577		104		61		40		4076		4196		10		
578		120		179		40		2058		2178		10		
579		145		124		0		812		932		10		
580		208		174		10		85		205		10		
581		247		287		10		3187		3307		10		
582		19		139		40		4295		4415		10		
583		212		55		10		3836		3956		10		
584		179		77		30		489		609		10		
585		218		233		10		3438		3558		10		
586		20		189		10		4540		4660		10		
587		125		80		40		2373		2493		10		
588		238		195		10		3821		3941		10		
589		81		221		40		2213		2333		10		
590		25		142		20		2903		3023		10		
591		246		79		30		4545		4665		10		
592		88		119		20		2245		2365		10		
593		250		193		20		813		933		10		
594		102		273		20		3046		3166		10		
595		280		35		20		1006		1126		10		
596		138		233		40		3675		3795		10		
597		246		218		10		674		794		10		
598		15		167		40		2656		2776		10		
599		287		45		0		3167		3287		10		
600		218		257		10		2683		2803		10		
