
Instance Name:	r1_4_2
Authors:	Zhu He, Longfei Wang, Weibo Lin, Yujie Chen, Haoyuan Hu (haoyuan.huhy@cainiao.com), Yinghui Xu & VRP Team (Ying Zhang, Guotao Wu, Kunpeng Han et al.), unpublished result of CAINIAO AI.
Date:	        23-10-2018
Reference: 	"New Algorithm for VRPTW", unpublished result of CAINIAO AI.
Solution
Route 1 : 10 21 65 345 283 152 297 201 67 77
Route 2 : 11 290 253 64 364 38 153 49 398
Route 3 : 24 44 397 35 383 175 125 280 261 325 106 287
Route 4 : 355 30 149 14 248 157 18 158 191 266 197 323
Route 5 : 43 386 13 243 362 215 310 146 133 122 344 98
Route 6 : 46 223 320 4 184 211 390 312 373 207 192 396 39 150 395
Route 7 : 86 163 142 109 391 259 315 225 8 400 73
Route 8 : 90 251 159 235 148 285 212 144 20 29 176 71
Route 9 : 91 304 341 388 143 89 194 199 313 161 233 281
Route 10 : 104 42 40 60 54 9 107 337 376
Route 11 : 155 222 350 75 32 277 19 81 249 302 185
Route 12 : 164 72 127 171 37 293 367 214 162 45 33
Route 13 : 168 218 213 342 151 269 193 181 220 78
Route 14 : 177 382 187 166 274 359 116 172 324 138
Route 15 : 188 95 69 160 217 27 368 276 130 258
Route 16 : 195 322 79 121 275 59 289 2 5 50
Route 17 : 216 224 303 347 204 284 147 97 379 378 36 173 346 131
Route 18 : 236 389 118 316 263 170 156 330 63 182 180 353
Route 19 : 241 198 252 62 264 140 306 205 83 200 12 202
Route 20 : 244 377 294 318 271 55 321 61 286 295 288
Route 21 : 250 120 34 327 82 307 189 137 186 76
Route 22 : 260 15 219 96 25 257 354 326
Route 23 : 270 357 247 333 208 352 237 238 23 99 196 113 232
Route 24 : 273 190 366 129 255 3 112 387 66 267 369 329 203
Route 25 : 291 296 221 399 299 174 31 305 100 167
Route 26 : 292 343 308 6 331 300 93 272 370 17 256 101
Route 27 : 298 94 58 123 351 358 245 124 85 226
Route 28 : 309 16 380 240 56 26 338 92 141 74 47
Route 29 : 311 108 349 7 88 165 228 179 384 178
Route 30 : 314 262 87 230 134 363 126 135 68 70 229 279
Route 31 : 317 48 52 117 360 268 372 145 282
Route 32 : 319 206 381 115 105 111 348 392 1 80 332 242
Route 33 : 328 246 114 265 139 22 132 301 361 210 169
Route 34 : 336 119 136 41 102 128 231 254 374 371 239 365 356
Route 35 : 375 278 103 110 183 53 385 393 234 339 84
Route 36 : 394 334 227 28 209 57 154 340 335 51
