C2_8_11

VEHICLE
NUMBER     CAPACITY
200	700

CUSTOMER
CUST NO.	XCOORD.	YCOORD.	DEMAND	READY TIME	DUE DATE	SERVICE TIME

0		200		200		0		0		3811		0		
1		180		103		20		2791		2951		90		
2		120		120		40		2763		2923		90		
3		294		389		10		1331		1491		90		
4		72		148		40		2506		2666		90		
5		103		17		20		519		679		90		
6		24		52		30		3076		3236		90		
7		264		16		10		2637		2797		90		
8		97		357		20		903		1063		90		
9		274		397		30		452		612		90		
10		271		380		20		892		1052		90		
11		300		107		20		590		750		90		
12		219		45		50		2091		2251		90		
13		341		380		30		1238		1398		90		
14		349		168		50		2669		2829		90		
15		121		320		50		1071		1231		90		
16		123		211		30		1664		1824		90		
17		233		171		20		1492		1652		90		
18		204		393		30		593		753		90		
19		95		23		40		315		475		90		
20		346		8		20		2392		2552		90		
21		350		361		30		1457		1617		90		
22		95		376		50		268		428		90		
23		319		341		30		2904		3064		90		
24		87		290		50		1676		1836		90		
25		322		325		50		1559		1719		90		
26		156		369		20		2115		2275		90		
27		362		305		10		729		889		90		
28		119		18		20		2202		2362		90		
29		346		305		10		3344		3504		90		
30		158		233		30		459		619		90		
31		60		22		10		1521		1681		90		
32		166		279		10		1005		1165		90		
33		152		197		50		1108		1268		90		
34		388		341		10		1767		1927		90		
35		196		298		40		3410		3570		90		
36		44		342		20		722		882		90		
37		309		169		20		1213		1373		90		
38		183		170		40		1020		1180		90		
39		176		252		30		1022		1182		90		
40		20		320		30		1479		1639		90		
41		65		284		40		2329		2489		90		
42		148		137		50		3121		3281		90		
43		236		170		20		2368		2528		90		
44		193		155		30		1713		1873		90		
45		221		33		30		934		1094		90		
46		274		157		50		3369		3529		90		
47		270		316		20		2022		2182		90		
48		52		136		10		2275		2435		90		
49		269		219		20		1042		1202		90		
50		154		1		30		839		999		90		
51		229		292		50		2651		2811		90		
52		328		249		10		624		784		90		
53		249		187		50		3131		3291		90		
54		312		76		30		3190		3350		90		
55		208		168		50		3226		3386		90		
56		367		395		50		2026		2186		90		
57		301		212		50		2373		2533		90		
58		259		360		20		883		1043		90		
59		284		100		40		1912		2072		90		
60		169		200		10		3035		3195		90		
61		116		299		20		1641		1801		90		
62		9		312		20		1117		1277		90		
63		273		44		30		2099		2259		90		
64		304		288		50		1138		1298		90		
65		390		153		30		2289		2449		90		
66		162		350		20		3022		3182		90		
67		300		320		10		797		957		90		
68		124		189		40		406		566		90		
69		176		327		40		183		343		90		
70		140		191		20		863		1023		90		
71		178		353		10		3329		3489		90		
72		363		313		30		414		574		90		
73		80		367		40		2512		2672		90		
74		399		146		40		1387		1547		90		
75		198		337		20		3136		3296		90		
76		84		71		30		1753		1913		90		
77		170		37		50		1938		2098		90		
78		227		341		50		2137		2297		90		
79		324		239		40		2340		2500		90		
80		114		10		20		2507		2667		90		
81		96		12		20		2869		3029		90		
82		223		324		30		1295		1455		90		
83		373		387		10		3192		3352		90		
84		224		180		20		460		620		90		
85		20		33		10		3301		3461		90		
86		200		143		20		1028		1188		90		
87		17		321		10		508		668		90		
88		117		195		20		2976		3136		90		
89		169		265		10		682		842		90		
90		265		236		20		983		1143		90		
91		290		30		30		2580		2740		90		
92		279		148		30		1297		1457		90		
93		385		161		30		484		644		90		
94		209		144		30		1894		2054		90		
95		120		280		20		811		971		90		
96		327		384		40		2026		2186		90		
97		306		222		20		980		1140		90		
98		377		287		40		1842		2002		90		
99		281		47		50		1649		1809		90		
100		79		288		40		2119		2279		90		
101		223		308		40		1792		1952		90		
102		329		350		40		500		660		90		
103		80		370		50		913		1073		90		
104		179		18		40		1707		1867		90		
105		313		119		40		2056		2216		90		
106		197		162		40		1648		1808		90		
107		331		235		20		2573		2733		90		
108		273		327		20		402		562		90		
109		76		54		40		234		394		90		
110		95		19		30		951		1111		90		
111		197		136		10		1479		1639		90		
112		328		313		40		762		922		90		
113		158		260		40		2938		3098		90		
114		384		160		20		1748		1908		90		
115		163		321		20		158		318		90		
116		234		62		50		2204		2364		90		
117		336		370		40		1812		1972		90		
118		203		158		10		240		400		90		
119		289		390		50		1846		2006		90		
120		90		384		20		2203		2363		90		
121		318		329		50		3357		3517		90		
122		217		380		50		320		480		90		
123		167		185		50		1170		1330		90		
124		389		146		20		385		545		90		
125		126		102		50		1293		1453		90		
126		354		175		10		1932		2092		90		
127		264		204		40		3207		3367		90		
128		336		158		40		257		417		90		
129		181		336		20		330		490		90		
130		227		30		20		1107		1267		90		
131		91		20		10		2856		3016		90		
132		179		21		20		746		906		90		
133		317		178		50		2857		3017		90		
134		265		361		30		515		675		90		
135		152		331		40		2785		2945		90		
136		108		199		30		2472		2632		90		
137		272		213		10		2409		2569		90		
138		125		171		10		1888		2048		90		
139		110		303		40		579		739		90		
140		101		25		10		1321		1481		90		
141		189		112		30		2041		2201		90		
142		271		166		40		1020		1180		90		
143		6		319		30		591		751		90		
144		17		319		20		3231		3391		90		
145		105		303		30		764		924		90		
146		349		2		20		3038		3198		90		
147		224		175		40		2363		2523		90		
148		137		197		10		688		848		90		
149		96		367		10		1767		1927		90		
150		380		395		20		958		1118		90		
151		332		328		40		1460		1620		90		
152		135		134		10		1758		1918		90		
153		356		399		50		1360		1520		90		
154		174		247		50		2668		2828		90		
155		135		153		30		1514		1674		90		
156		91		371		10		515		675		90		
157		97		64		50		1215		1375		90		
158		114		207		20		1232		1392		90		
159		115		27		20		2259		2419		90		
160		176		31		40		1891		2051		90		
161		21		330		50		2400		2560		90		
162		370		332		50		1765		1925		90		
163		309		355		40		2997		3157		90		
164		274		139		20		1136		1296		90		
165		245		367		40		1254		1414		90		
166		94		277		20		1775		1935		90		
167		167		242		20		239		399		90		
168		361		353		10		2662		2822		90		
169		273		42		10		1350		1510		90		
170		314		250		40		1471		1631		90		
171		329		364		50		881		1041		90		
172		185		388		50		3317		3477		90		
173		182		343		20		1283		1443		90		
174		256		202		40		2779		2939		90		
175		134		208		20		2209		2369		90		
176		163		358		20		1306		1466		90		
177		299		106		10		1657		1817		90		
178		180		204		20		3525		3685		90		
179		330		245		40		2775		2935		90		
180		39		333		40		2706		2866		90		
181		301		166		10		2129		2289		90		
182		288		378		30		1299		1459		90		
183		202		24		30		1736		1896		90		
184		273		371		10		1829		1989		90		
185		175		361		10		329		489		90		
186		236		322		30		2570		2730		90		
187		104		369		40		2398		2558		90		
188		333		351		20		1455		1615		90		
189		135		11		10		2822		2982		90		
190		173		212		20		2054		2214		90		
191		164		93		40		3276		3436		90		
192		105		34		40		529		689		90		
193		206		33		30		2002		2162		90		
194		106		211		10		801		961		90		
195		287		82		10		2195		2355		90		
196		274		158		30		2501		2661		90		
197		203		142		20		1494		1654		90		
198		367		369		30		2007		2167		90		
199		16		38		30		3303		3463		90		
200		209		339		20		764		924		90		
201		294		61		40		2788		2948		90		
202		190		368		50		1700		1860		90		
203		316		350		30		1921		2081		90		
204		184		330		10		601		761		90		
205		17		304		30		1468		1628		90		
206		236		198		10		1447		1607		90		
207		359		159		40		3151		3311		90		
208		292		307		50		1784		1944		90		
209		305		382		50		784		944		90		
210		331		262		30		2889		3049		90		
211		138		310		30		1284		1444		90		
212		177		351		30		1985		2145		90		
213		345		315		30		415		575		90		
214		268		363		10		2548		2708		90		
215		127		130		20		3256		3416		90		
216		77		271		40		1599		1759		90		
217		245		175		10		3093		3253		90		
218		241		344		30		667		827		90		
219		128		115		50		2599		2759		90		
220		45		153		50		2805		2965		90		
221		211		44		40		291		451		90		
222		284		203		20		1583		1743		90		
223		227		332		20		2771		2931		90		
224		294		163		10		1752		1912		90		
225		135		203		50		452		612		90		
226		257		199		20		1288		1448		90		
227		167		93		50		716		876		90		
228		51		133		10		2082		2242		90		
229		332		349		30		739		899		90		
230		399		336		20		2469		2629		90		
231		341		381		10		2051		2211		90		
232		233		166		10		730		890		90		
233		284		395		50		2667		2827		90		
234		271		159		40		1375		1535		90		
235		272		28		40		887		1047		90		
236		177		111		10		597		757		90		
237		109		302		10		2852		3012		90		
238		129		130		20		742		902		90		
239		106		290		30		2872		3032		90		
240		132		129		50		869		1029		90		
241		165		191		50		153		313		90		
242		333		316		20		3314		3474		90		
243		134		201		30		2967		3127		90		
244		47		273		20		2160		2320		90		
245		300		206		30		1786		1946		90		
246		110		313		30		2472		2632		90		
247		47		21		30		1639		1799		90		
248		254		306		30		2967		3127		90		
249		228		187		20		1374		1534		90		
250		151		359		50		187		347		90		
251		155		175		20		3357		3517		90		
252		169		34		30		1305		1465		90		
253		99		60		20		463		623		90		
254		173		367		40		964		1124		90		
255		236		185		20		3107		3267		90		
256		9		302		10		1453		1613		90		
257		266		36		10		3349		3509		90		
258		84		6		40		2881		3041		90		
259		88		28		40		3048		3208		90		
260		182		50		30		2956		3116		90		
261		329		249		20		1051		1211		90		
262		211		30		40		381		541		90		
263		124		1		40		3345		3505		90		
264		117		18		10		1954		2114		90		
265		37		139		30		1551		1711		90		
266		309		352		10		1863		2023		90		
267		301		387		20		3259		3419		90		
268		334		374		50		2300		2460		90		
269		167		213		20		1438		1598		90		
270		180		348		50		1597		1757		90		
271		109		368		50		1358		1518		90		
272		159		46		10		1388		1548		90		
273		281		216		30		2516		2676		90		
274		112		13		10		2395		2555		90		
275		143		362		10		2941		3101		90		
276		313		66		40		2834		2994		90		
277		175		157		50		2645		2805		90		
278		231		354		20		2027		2187		90		
279		94		26		20		1283		1443		90		
280		320		79		10		2274		2434		90		
281		304		376		50		2904		3064		90		
282		136		198		10		715		875		90		
283		107		200		10		276		436		90		
284		368		322		30		261		421		90		
285		326		242		50		2670		2830		90		
286		102		13		10		1490		1650		90		
287		162		49		30		452		612		90		
288		382		133		50		2011		2171		90		
289		391		168		40		934		1094		90		
290		223		36		20		1657		1817		90		
291		231		159		50		2405		2565		90		
292		122		25		40		1064		1224		90		
293		261		352		50		3241		3401		90		
294		134		203		20		1346		1506		90		
295		121		21		30		1306		1466		90		
296		242		302		50		691		851		90		
297		39		129		50		2031		2191		90		
298		131		176		10		2712		2872		90		
299		132		294		10		1543		1703		90		
300		299		150		50		390		550		90		
301		296		395		50		363		523		90		
302		150		1		20		377		537		90		
303		160		122		10		597		757		90		
304		172		161		10		3149		3309		90		
305		356		397		10		700		860		90		
306		144		231		50		1699		1859		90		
307		15		307		40		2598		2758		90		
308		161		204		50		2400		2560		90		
309		341		315		30		2822		2982		90		
310		206		171		50		55		215		90		
311		100		8		30		806		966		90		
312		251		17		30		634		794		90		
313		95		349		50		1454		1614		90		
314		34		333		50		1604		1764		90		
315		125		175		50		2968		3128		90		
316		155		39		50		1549		1709		90		
317		203		21		10		3238		3398		90		
318		348		287		40		1919		2079		90		
319		172		120		30		153		313		90		
320		145		369		10		1323		1483		90		
321		131		107		40		2349		2509		90		
322		253		232		20		1426		1586		90		
323		349		298		40		219		379		90		
324		256		298		10		2590		2750		90		
325		150		6		40		1548		1708		90		
326		22		322		50		1375		1535		90		
327		63		283		30		2565		2725		90		
328		212		48		20		221		381		90		
329		151		119		50		2582		2742		90		
330		143		230		30		2494		2654		90		
331		173		368		40		1059		1219		90		
332		367		346		20		1166		1326		90		
333		335		348		30		463		623		90		
334		78		369		20		1981		2141		90		
335		256		145		10		1068		1228		90		
336		387		323		50		3307		3467		90		
337		178		364		50		1623		1783		90		
338		390		141		30		1775		1935		90		
339		321		328		30		2701		2861		90		
340		376		317		10		2416		2576		90		
341		364		310		20		1598		1758		90		
342		165		295		40		2173		2333		90		
343		68		292		40		2225		2385		90		
344		165		10		20		1259		1419		90		
345		164		341		20		2579		2739		90		
346		238		50		30		674		834		90		
347		48		283		20		603		763		90		
348		206		153		20		1273		1433		90		
349		377		387		50		519		679		90		
350		154		288		20		163		323		90		
351		265		388		50		3022		3182		90		
352		160		185		30		1450		1610		90		
353		310		57		10		2356		2516		90		
354		106		281		40		1595		1755		90		
355		271		228		10		1521		1681		90		
356		49		29		20		2099		2259		90		
357		354		347		50		733		893		90		
358		160		262		50		810		970		90		
359		365		182		20		3069		3229		90		
360		380		157		50		801		961		90		
361		122		321		20		3187		3347		90		
362		318		344		30		1542		1702		90		
363		143		192		50		688		848		90		
364		165		198		30		109		269		90		
365		166		243		20		628		788		90		
366		9		52		40		1924		2084		90		
367		261		171		20		631		791		90		
368		126		110		40		1867		2027		90		
369		363		300		40		2375		2535		90		
370		136		228		10		2525		2685		90		
371		219		382		10		2889		3049		90		
372		263		300		50		2967		3127		90		
373		19		57		30		1164		1324		90		
374		60		162		20		1859		2019		90		
375		292		208		30		2812		2972		90		
376		339		373		30		2644		2804		90		
377		272		34		50		1097		1257		90		
378		111		33		30		2871		3031		90		
379		328		256		20		1050		1210		90		
380		397		155		20		3228		3388		90		
381		353		397		30		2254		2414		90		
382		170		266		40		560		720		90		
383		168		215		40		2168		2328		90		
384		100		7		20		1199		1359		90		
385		357		302		30		3011		3171		90		
386		305		275		20		1456		1616		90		
387		114		5		30		2002		2162		90		
388		200		177		40		2313		2473		90		
389		83		289		50		416		576		90		
390		357		375		30		2821		2981		90		
391		2		321		10		2538		2698		90		
392		23		52		50		796		956		90		
393		17		33		40		3063		3223		90		
394		381		141		50		2340		2500		90		
395		222		322		30		368		528		90		
396		278		113		30		1207		1367		90		
397		390		155		50		944		1104		90		
398		330		162		20		3083		3243		90		
399		246		194		30		928		1088		90		
400		294		378		30		1212		1372		90		
401		321		271		50		1757		1917		90		
402		378		328		30		787		947		90		
403		284		110		30		3290		3450		90		
404		103		106		30		406		566		90		
405		229		339		50		2344		2504		90		
406		83		381		10		648		808		90		
407		258		223		20		1885		2045		90		
408		271		388		20		2802		2962		90		
409		208		53		10		2767		2927		90		
410		143		202		50		1907		2067		90		
411		281		100		30		1294		1454		90		
412		258		5		10		844		1004		90		
413		373		389		50		1256		1416		90		
414		334		245		50		1257		1417		90		
415		163		245		10		1634		1794		90		
416		268		389		20		1538		1698		90		
417		93		360		20		1931		2091		90		
418		373		310		20		2334		2494		90		
419		119		23		50		456		616		90		
420		193		318		40		1438		1598		90		
421		353		167		20		1053		1213		90		
422		161		338		50		762		922		90		
423		111		193		50		1416		1576		90		
424		5		318		50		734		894		90		
425		7		310		10		2595		2755		90		
426		44		35		30		2669		2829		90		
427		172		246		40		2501		2661		90		
428		101		5		30		1164		1324		90		
429		285		86		10		2537		2697		90		
430		67		281		20		511		671		90		
431		163		356		50		2437		2597		90		
432		96		28		10		905		1065		90		
433		196		113		10		642		802		90		
434		250		219		40		407		567		90		
435		123		302		50		1232		1392		90		
436		261		305		30		596		756		90		
437		237		45		20		1915		2075		90		
438		200		136		40		193		353		90		
439		222		175		50		2549		2709		90		
440		6		315		40		1146		1306		90		
441		369		296		20		316		476		90		
442		152		196		30		2807		2967		90		
443		355		306		30		1629		1789		90		
444		141		197		40		807		967		90		
445		322		342		20		953		1113		90		
446		155		201		40		1375		1535		90		
447		130		104		40		1813		1973		90		
448		173		234		50		908		1068		90		
449		116		102		20		2447		2607		90		
450		153		4		20		1603		1763		90		
451		260		387		10		705		865		90		
452		99		352		20		2116		2276		90		
453		218		156		50		990		1150		90		
454		222		188		40		1623		1783		90		
455		378		295		20		1159		1319		90		
456		62		34		40		657		817		90		
457		99		277		50		982		1142		90		
458		380		141		30		253		413		90		
459		75		288		20		2095		2255		90		
460		214		62		50		1008		1168		90		
461		378		296		30		205		365		90		
462		353		293		30		2326		2486		90		
463		323		327		50		2130		2290		90		
464		182		158		50		231		391		90		
465		122		28		30		2808		2968		90		
466		55		346		20		1376		1536		90		
467		171		171		10		2651		2811		90		
468		220		33		50		2741		2901		90		
469		43		28		30		2203		2363		90		
470		95		295		10		1484		1644		90		
471		89		26		50		1364		1524		90		
472		324		354		10		2085		2245		90		
473		290		216		10		3009		3169		90		
474		124		196		30		1114		1274		90		
475		186		327		30		1261		1421		90		
476		271		202		50		830		990		90		
477		273		367		10		682		842		90		
478		188		356		10		1345		1505		90		
479		292		161		10		2360		2520		90		
480		194		349		10		2505		2665		90		
481		327		357		10		1185		1345		90		
482		179		40		40		2226		2386		90		
483		337		2		50		3119		3279		90		
484		321		179		10		2165		2325		90		
485		272		379		10		492		652		90		
486		137		122		30		2807		2967		90		
487		303		310		20		546		706		90		
488		322		348		20		2969		3129		90		
489		208		339		30		2758		2918		90		
490		181		182		20		2161		2321		90		
491		357		290		20		2167		2327		90		
492		151		368		20		3111		3271		90		
493		377		161		40		2890		3050		90		
494		97		2		50		1743		1903		90		
495		107		8		20		1249		1409		90		
496		268		25		30		1691		1851		90		
497		317		199		30		447		607		90		
498		105		183		10		1835		1995		90		
499		208		314		20		3411		3571		90		
500		205		351		10		785		945		90		
501		329		71		20		1474		1634		90		
502		350		302		10		3136		3296		90		
503		219		380		50		2066		2226		90		
504		183		280		50		701		861		90		
505		58		326		30		2676		2836		90		
506		176		275		10		2170		2330		90		
507		9		296		10		2211		2371		90		
508		359		169		50		2963		3123		90		
509		163		4		50		2048		2208		90		
510		170		98		20		274		434		90		
511		47		288		10		1046		1206		90		
512		279		395		40		580		740		90		
513		222		50		40		1307		1467		90		
514		282		169		20		2083		2243		90		
515		185		114		30		2100		2260		90		
516		280		381		10		2961		3121		90		
517		117		297		30		2228		2388		90		
518		73		285		20		2144		2304		90		
519		289		319		10		688		848		90		
520		362		386		50		1762		1922		90		
521		256		397		30		1329		1489		90		
522		306		229		10		3341		3501		90		
523		112		12		50		3322		3482		90		
524		229		163		10		3387		3547		90		
525		86		32		20		1178		1338		90		
526		332		159		10		1861		2021		90		
527		258		331		50		1629		1789		90		
528		147		340		10		2716		2876		90		
529		56		151		40		3370		3530		90		
530		189		343		40		2473		2633		90		
531		220		27		50		1309		1469		90		
532		205		298		40		820		980		90		
533		303		396		20		1491		1651		90		
534		209		382		50		2698		2858		90		
535		314		85		50		3015		3175		90		
536		143		205		10		3048		3208		90		
537		87		289		10		1003		1163		90		
538		162		11		20		2866		3026		90		
539		189		113		10		1047		1207		90		
540		309		242		40		2317		2477		90		
541		301		57		20		2241		2401		90		
542		389		158		40		1001		1161		90		
543		149		3		30		1562		1722		90		
544		19		301		40		2190		2350		90		
545		152		31		40		2134		2294		90		
546		247		17		40		3319		3479		90		
547		158		122		50		3359		3519		90		
548		377		322		20		2165		2325		90		
549		331		154		40		1341		1501		90		
550		314		311		20		1462		1622		90		
551		301		391		40		2882		3042		90		
552		272		88		40		2029		2189		90		
553		221		38		50		1441		1601		90		
554		162		247		30		117		277		90		
555		312		161		30		2656		2816		90		
556		63		352		40		2161		2321		90		
557		163		147		40		1011		1171		90		
558		179		199		40		585		745		90		
559		336		318		10		1226		1386		90		
560		266		27		40		2824		2984		90		
561		165		121		10		3193		3353		90		
562		132		289		30		1144		1304		90		
563		32		56		30		1108		1268		90		
564		268		106		40		2694		2854		90		
565		33		319		20		2253		2413		90		
566		362		344		20		908		1068		90		
567		383		147		50		2503		2663		90		
568		280		382		50		2418		2578		90		
569		384		390		20		1756		1916		90		
570		265		227		20		731		891		90		
571		168		19		30		579		739		90		
572		115		4		10		2353		2513		90		
573		337		343		50		2753		2913		90		
574		160		263		10		1444		1604		90		
575		107		214		20		109		269		90		
576		164		175		40		1273		1433		90		
577		365		295		40		1605		1765		90		
578		120		10		30		1476		1636		90		
579		245		283		20		444		604		90		
580		286		393		40		3135		3295		90		
581		25		326		10		2432		2592		90		
582		327		396		50		1387		1547		90		
583		158		222		50		2396		2556		90		
584		334		336		30		2753		2913		90		
585		10		315		30		2491		2651		90		
586		3		309		20		1921		2081		90		
587		106		28		40		1952		2112		90		
588		94		7		10		2301		2461		90		
589		97		361		30		311		471		90		
590		164		360		20		524		684		90		
591		252		223		50		1782		1942		90		
592		314		358		40		2001		2161		90		
593		3		335		40		1649		1809		90		
594		301		309		10		3078		3238		90		
595		355		317		40		3269		3429		90		
596		257		211		50		2202		2362		90		
597		324		352		20		1349		1509		90		
598		286		377		20		1442		1602		90		
599		323		328		30		1296		1456		90		
600		163		18		20		1795		1955		90		
601		49		278		20		1230		1390		90		
602		255		368		30		2037		2197		90		
603		208		324		30		2773		2933		90		
604		167		195		20		912		1072		90		
605		209		168		50		3204		3364		90		
606		212		318		40		833		993		90		
607		270		147		50		1802		1962		90		
608		107		358		10		1412		1572		90		
609		200		35		50		2955		3115		90		
610		340		379		30		469		629		90		
611		223		185		50		442		602		90		
612		166		5		20		1852		2012		90		
613		131		184		10		2564		2724		90		
614		20		309		50		351		511		90		
615		188		175		40		2249		2409		90		
616		31		308		20		1056		1216		90		
617		290		393		20		1166		1326		90		
618		374		294		30		1911		2071		90		
619		314		271		30		535		695		90		
620		121		190		50		628		788		90		
621		157		151		40		2897		3057		90		
622		320		90		20		689		849		90		
623		357		288		10		862		1022		90		
624		45		346		30		2929		3089		90		
625		132		193		10		2349		2509		90		
626		298		290		30		1160		1320		90		
627		201		387		20		651		811		90		
628		280		31		10		2236		2396		90		
629		242		363		20		2735		2895		90		
630		361		304		10		2632		2792		90		
631		181		324		40		260		420		90		
632		172		318		20		3309		3469		90		
633		284		309		50		3167		3327		90		
634		380		327		10		1334		1494		90		
635		209		33		10		3162		3322		90		
636		119		131		10		2703		2863		90		
637		69		32		10		2369		2529		90		
638		89		87		40		409		569		90		
639		330		289		20		1261		1421		90		
640		318		245		10		2057		2217		90		
641		253		25		30		1651		1811		90		
642		54		117		20		2842		3002		90		
643		312		278		30		620		780		90		
644		83		349		10		824		984		90		
645		76		13		40		2726		2886		90		
646		250		154		50		1256		1416		90		
647		352		323		10		1550		1710		90		
648		170		350		50		1621		1781		90		
649		338		396		10		3294		3454		90		
650		316		332		10		1147		1307		90		
651		162		189		40		2823		2983		90		
652		185		90		30		1149		1309		90		
653		303		78		50		1881		2041		90		
654		231		27		30		929		1089		90		
655		230		296		10		470		630		90		
656		195		149		30		535		695		90		
657		182		298		50		1816		1976		90		
658		335		341		10		2224		2384		90		
659		139		364		50		3092		3252		90		
660		119		3		50		2526		2686		90		
661		24		310		10		1539		1699		90		
662		47		16		40		3024		3184		90		
663		294		384		40		2044		2204		90		
664		158		23		50		459		619		90		
665		182		101		30		128		288		90		
666		213		23		30		488		648		90		
667		129		307		40		3287		3447		90		
668		309		221		30		3240		3400		90		
669		184		319		50		488		648		90		
670		349		180		40		1417		1577		90		
671		372		393		40		1931		2091		90		
672		306		226		40		3195		3355		90		
673		252		2		40		1454		1614		90		
674		289		151		30		2744		2904		90		
675		319		252		30		486		646		90		
676		128		4		10		1754		1914		90		
677		388		144		50		262		422		90		
678		110		301		50		912		1072		90		
679		131		130		50		2974		3134		90		
680		206		163		40		1816		1976		90		
681		163		268		10		1312		1472		90		
682		344		313		20		3041		3201		90		
683		157		349		30		225		385		90		
684		103		28		40		2938		3098		90		
685		60		15		10		2490		2650		90		
686		221		388		30		3169		3329		90		
687		278		385		40		1623		1783		90		
688		29		331		40		660		820		90		
689		176		352		20		3024		3184		90		
690		100		31		40		2765		2925		90		
691		47		338		30		2920		3080		90		
692		237		167		30		2008		2168		90		
693		173		243		30		218		378		90		
694		381		323		30		3117		3277		90		
695		194		156		10		460		620		90		
696		134		220		10		544		704		90		
697		115		202		30		1928		2088		90		
698		80		371		10		2503		2663		90		
699		336		340		50		569		729		90		
700		111		337		40		2668		2828		90		
701		203		166		20		2679		2839		90		
702		44		10		30		3074		3234		90		
703		297		78		50		1005		1165		90		
704		358		300		30		523		683		90		
705		168		363		40		3242		3402		90		
706		297		283		30		2392		2552		90		
707		159		191		10		3288		3448		90		
708		182		257		30		3349		3509		90		
709		311		264		20		1656		1816		90		
710		261		386		20		1486		1646		90		
711		186		328		50		1884		2044		90		
712		141		186		20		3447		3607		90		
713		146		249		30		1147		1307		90		
714		184		244		40		1714		1874		90		
715		358		316		10		1966		2126		90		
716		163		23		40		954		1114		90		
717		368		314		20		2703		2863		90		
718		89		24		20		1911		2071		90		
719		273		393		50		1801		1961		90		
720		106		25		10		1473		1633		90		
721		111		29		50		289		449		90		
722		307		224		10		3068		3228		90		
723		305		310		10		2275		2435		90		
724		99		52		20		236		396		90		
725		296		333		50		2952		3112		90		
726		198		296		40		2371		2531		90		
727		354		184		10		2110		2270		90		
728		341		371		30		1045		1205		90		
729		328		19		40		1627		1787		90		
730		290		32		20		394		554		90		
731		154		41		30		657		817		90		
732		371		379		30		575		735		90		
733		258		397		50		2066		2226		90		
734		95		365		40		1406		1566		90		
735		180		287		10		2024		2184		90		
736		396		149		10		2767		2927		90		
737		82		379		20		1607		1767		90		
738		343		151		10		2330		2490		90		
739		89		11		20		2522		2682		90		
740		375		394		50		580		740		90		
741		277		172		40		217		377		90		
742		217		44		20		928		1088		90		
743		64		381		40		1498		1658		90		
744		307		276		50		3150		3310		90		
745		193		330		50		3065		3225		90		
746		37		328		40		771		931		90		
747		295		277		40		145		305		90		
748		151		145		10		365		525		90		
749		89		10		20		2022		2182		90		
750		72		28		40		3110		3270		90		
751		349		305		40		1443		1603		90		
752		66		279		30		1646		1806		90		
753		109		345		10		2784		2944		90		
754		94		378		50		1990		2150		90		
755		149		281		20		1840		2000		90		
756		306		382		20		992		1152		90		
757		235		166		30		2577		2737		90		
758		144		152		10		2609		2769		90		
759		270		385		30		2736		2896		90		
760		363		293		20		3193		3353		90		
761		258		32		10		1597		1757		90		
762		282		107		30		130		290		90		
763		266		148		10		1641		1801		90		
764		188		342		50		603		763		90		
765		126		29		30		2888		3048		90		
766		193		302		50		2399		2559		90		
767		105		323		50		958		1118		90		
768		211		324		30		3244		3404		90		
769		345		251		10		2907		3067		90		
770		112		27		30		2637		2797		90		
771		160		351		50		765		925		90		
772		72		299		20		2723		2883		90		
773		138		206		20		2781		2941		90		
774		377		330		50		2164		2324		90		
775		260		169		40		2036		2196		90		
776		174		255		20		2675		2835		90		
777		355		318		30		2132		2292		90		
778		306		340		20		368		528		90		
779		179		342		10		2272		2432		90		
780		87		356		30		2241		2401		90		
781		57		289		40		3190		3350		90		
782		127		184		40		3082		3242		90		
783		194		330		10		1726		1886		90		
784		135		115		20		3360		3520		90		
785		376		329		10		2836		2996		90		
786		310		353		20		2835		2995		90		
787		174		254		40		1438		1598		90		
788		288		389		20		1354		1514		90		
789		108		350		10		3285		3445		90		
790		222		291		10		2953		3113		90		
791		358		319		10		2432		2592		90		
792		135		172		20		1134		1294		90		
793		91		368		30		3007		3167		90		
794		336		351		50		1673		1833		90		
795		361		358		40		2801		2961		90		
796		73		295		50		2051		2211		90		
797		355		304		10		2629		2789		90		
798		332		12		20		279		439		90		
799		164		234		30		2807		2967		90		
800		197		116		30		2788		2948		90		
