C2_10_16

VEHICLE
NUMBER     CAPACITY
250	700

CUSTOMER
CUST NO.	XCOORD.	YCOORD.	DEMAND	READY TIME	DUE DATE	SERVICE TIME

0		250		250		0		0		3914		0		
1		319		271		40		1698		1858		90		
2		462		286		40		344		504		90		
3		464		492		30		1576		1736		90		
4		446		46		50		1376		1536		90		
5		302		395		20		292		452		90		
6		316		472		30		760		920		90		
7		40		251		10		1282		1442		90		
8		163		176		20		2106		2266		90		
9		495		55		20		1492		1652		90		
10		201		160		10		2648		2808		90		
11		251		117		10		1462		1622		90		
12		166		19		10		1221		1381		90		
13		98		263		20		1265		1425		90		
14		152		475		50		1799		1959		90		
15		230		79		30		1570		1730		90		
16		480		487		40		683		843		90		
17		448		185		50		1191		1351		90		
18		336		199		40		2344		2504		90		
19		457		414		30		2015		2175		90		
20		468		306		50		1673		1833		90		
21		310		22		50		1477		1637		90		
22		282		190		10		1230		1390		90		
23		431		70		20		3059		3219		90		
24		180		352		50		2521		2681		90		
25		304		36		20		537		697		90		
26		241		69		10		1744		1904		90		
27		285		162		10		1816		1976		90		
28		217		467		30		1366		1526		90		
29		64		196		40		608		768		90		
30		24		13		10		2009		2169		90		
31		245		153		50		2966		3126		90		
32		285		83		10		433		593		90		
33		76		219		30		1576		1736		90		
34		76		182		50		2533		2693		90		
35		365		432		50		1292		1452		90		
36		249		48		10		3100		3260		90		
37		191		83		40		1549		1709		90		
38		474		488		10		1402		1562		90		
39		143		303		30		3136		3296		90		
40		58		415		10		2136		2296		90		
41		440		180		10		3200		3360		90		
42		113		271		20		1201		1361		90		
43		366		102		40		1386		1546		90		
44		438		98		20		2241		2401		90		
45		370		489		30		3263		3423		90		
46		321		83		40		2483		2643		90		
47		143		207		40		726		886		90		
48		373		67		50		687		847		90		
49		276		77		20		2355		2515		90		
50		55		111		40		983		1143		90		
51		160		153		50		1946		2106		90		
52		80		390		50		2524		2684		90		
53		336		450		30		550		710		90		
54		158		61		20		2129		2289		90		
55		148		66		10		830		990		90		
56		455		363		40		1828		1988		90		
57		457		27		50		394		554		90		
58		355		209		20		1472		1632		90		
59		329		175		50		2038		2198		90		
60		225		39		50		2548		2708		90		
61		320		414		50		2018		2178		90		
62		478		378		10		1489		1649		90		
63		354		162		30		3152		3312		90		
64		280		350		30		1156		1316		90		
65		269		14		30		500		660		90		
66		320		33		30		2050		2210		90		
67		302		392		50		2782		2942		90		
68		88		64		30		1712		1872		90		
69		215		182		40		1499		1659		90		
70		196		343		10		1238		1398		90		
71		311		435		10		412		572		90		
72		296		183		50		341		501		90		
73		227		318		30		702		862		90		
74		394		199		30		3207		3367		90		
75		108		16		10		2038		2198		90		
76		381		222		40		2252		2412		90		
77		377		187		20		2463		2623		90		
78		161		482		30		2741		2901		90		
79		467		485		30		3335		3495		90		
80		152		301		10		3093		3253		90		
81		85		96		40		3216		3376		90		
82		101		107		40		2422		2582		90		
83		382		15		20		3391		3551		90		
84		256		449		50		1711		1871		90		
85		63		400		50		3137		3297		90		
86		64		205		10		2978		3138		90		
87		455		399		20		1177		1337		90		
88		112		22		40		1810		1970		90		
89		11		99		50		1790		1950		90		
90		297		247		50		455		615		90		
91		287		129		30		2377		2537		90		
92		495		111		50		3071		3231		90		
93		105		21		20		2293		2453		90		
94		356		190		10		1671		1831		90		
95		462		467		30		1214		1374		90		
96		184		272		10		3487		3647		90		
97		438		67		20		852		1012		90		
98		383		168		40		1242		1402		90		
99		266		39		40		2584		2744		90		
100		196		85		40		2418		2578		90		
101		196		465		10		285		445		90		
102		285		361		10		3205		3365		90		
103		12		117		20		1797		1957		90		
104		316		65		20		2006		2166		90		
105		356		216		30		1389		1549		90		
106		457		482		10		675		835		90		
107		64		216		40		2466		2626		90		
108		313		166		30		1067		1227		90		
109		67		215		30		1282		1442		90		
110		446		383		10		2401		2561		90		
111		70		407		20		399		559		90		
112		108		5		50		2819		2979		90		
113		391		208		30		248		408		90		
114		441		54		50		3012		3172		90		
115		97		74		10		3042		3202		90		
116		307		392		20		1341		1501		90		
117		296		2		20		3293		3453		90		
118		323		199		50		231		391		90		
119		453		186		10		2102		2262		90		
120		281		20		50		1563		1723		90		
121		482		495		30		2416		2576		90		
122		439		59		30		2926		3086		90		
123		414		65		40		3072		3232		90		
124		393		161		20		2197		2357		90		
125		103		79		50		1066		1226		90		
126		337		411		50		1794		1954		90		
127		287		152		50		619		779		90		
128		217		95		20		439		599		90		
129		115		33		10		2382		2542		90		
130		105		46		40		1425		1585		90		
131		83		386		10		2006		2166		90		
132		304		264		20		377		537		90		
133		221		51		20		3457		3617		90		
134		367		498		20		2757		2917		90		
135		157		145		10		1540		1700		90		
136		300		399		40		1145		1305		90		
137		299		273		10		2448		2608		90		
138		320		101		20		3485		3645		90		
139		384		104		20		3248		3408		90		
140		376		89		30		346		506		90		
141		136		188		10		2264		2424		90		
142		482		467		30		2881		3041		90		
143		339		217		30		746		906		90		
144		345		450		50		373		533		90		
145		267		339		20		1640		1800		90		
146		303		17		30		604		764		90		
147		102		106		40		1160		1320		90		
148		282		177		10		2274		2434		90		
149		332		36		50		2523		2683		90		
150		308		4		30		2816		2976		90		
151		81		184		10		613		773		90		
152		200		337		20		3309		3469		90		
153		367		196		10		3382		3542		90		
154		218		42		50		3013		3173		90		
155		165		497		30		1215		1375		90		
156		450		50		20		2969		3129		90		
157		90		24		30		1197		1357		90		
158		457		368		50		2011		2171		90		
159		448		317		30		1396		1556		90		
160		367		152		20		2078		2238		90		
161		397		161		40		2401		2561		90		
162		381		224		50		1573		1733		90		
163		193		74		50		1794		1954		90		
164		4		3		40		2592		2752		90		
165		200		77		50		3303		3463		90		
166		226		466		20		840		1000		90		
167		356		438		20		798		958		90		
168		299		376		30		1855		2015		90		
169		195		157		40		220		380		90		
170		69		219		10		859		1019		90		
171		223		32		30		566		726		90		
172		40		11		20		1370		1530		90		
173		278		91		20		1673		1833		90		
174		270		48		40		1118		1278		90		
175		176		156		40		3518		3678		90		
176		265		27		40		2430		2590		90		
177		483		314		50		2506		2666		90		
178		356		195		40		2368		2528		90		
179		431		187		10		1245		1405		90		
180		169		280		20		2335		2495		90		
181		236		105		50		1731		1891		90		
182		308		397		10		1386		1546		90		
183		82		204		50		2930		3090		90		
184		308		179		40		1460		1620		90		
185		455		498		20		1884		2044		90		
186		359		183		20		1244		1404		90		
187		247		326		30		3460		3620		90		
188		469		36		50		639		799		90		
189		457		399		40		3173		3333		90		
190		440		60		30		1056		1216		90		
191		343		141		30		3186		3346		90		
192		236		29		30		3288		3448		90		
193		300		169		40		2660		2820		90		
194		334		40		10		3347		3507		90		
195		94		201		10		2940		3100		90		
196		243		335		40		550		710		90		
197		160		299		50		3187		3347		90		
198		476		104		10		1750		1910		90		
199		195		355		20		2285		2445		90		
200		348		212		20		509		669		90		
201		445		84		50		2253		2413		90		
202		426		193		10		1745		1905		90		
203		121		14		30		2808		2968		90		
204		472		291		40		1891		2051		90		
205		202		142		30		1818		1978		90		
206		97		394		50		228		388		90		
207		209		187		10		3286		3446		90		
208		346		201		40		2469		2629		90		
209		473		303		10		2370		2530		90		
210		187		336		20		846		1006		90		
211		59		201		40		1733		1893		90		
212		279		54		10		1227		1387		90		
213		12		2		20		2838		2998		90		
214		313		407		10		387		547		90		
215		43		247		10		1580		1740		90		
216		486		494		30		755		915		90		
217		38		16		40		333		493		90		
218		460		302		50		1968		2128		90		
219		459		427		30		744		904		90		
220		61		429		40		1079		1239		90		
221		460		65		30		2374		2534		90		
222		418		63		30		1811		1971		90		
223		167		284		40		871		1031		90		
224		325		66		20		1955		2115		90		
225		374		86		50		597		757		90		
226		39		421		50		1511		1671		90		
227		447		201		10		2250		2410		90		
228		288		375		10		3001		3161		90		
229		238		170		20		971		1131		90		
230		230		126		30		579		739		90		
231		128		76		40		391		551		90		
232		454		61		20		1566		1726		90		
233		328		444		20		2266		2426		90		
234		199		94		10		2628		2788		90		
235		453		474		20		511		671		90		
236		158		143		10		1860		2020		90		
237		64		214		40		2999		3159		90		
238		206		451		40		2027		2187		90		
239		237		466		20		515		675		90		
240		309		50		40		842		1002		90		
241		292		180		30		1046		1206		90		
242		329		423		30		3034		3194		90		
243		216		456		50		2167		2327		90		
244		423		89		40		318		478		90		
245		220		156		20		533		693		90		
246		466		469		40		1601		1761		90		
247		353		176		10		2915		3075		90		
248		84		387		30		1300		1460		90		
249		67		61		30		1691		1851		90		
250		443		178		20		2310		2470		90		
251		343		213		20		3556		3716		90		
252		254		428		20		1129		1289		90		
253		374		212		40		646		806		90		
254		295		24		40		2859		3019		90		
255		75		210		10		2210		2370		90		
256		465		293		20		2018		2178		90		
257		102		92		20		2967		3127		90		
258		425		189		50		1860		2020		90		
259		71		420		20		1585		1745		90		
260		481		466		40		458		618		90		
261		71		113		20		1160		1320		90		
262		18		80		10		869		1029		90		
263		457		294		30		2920		3080		90		
264		381		201		50		1129		1289		90		
265		321		433		40		660		820		90		
266		386		208		50		191		351		90		
267		259		106		20		2884		3044		90		
268		288		173		10		901		1061		90		
269		278		71		30		1605		1765		90		
270		177		12		10		635		795		90		
271		321		192		40		412		572		90		
272		169		287		40		2990		3150		90		
273		275		34		30		1167		1327		90		
274		130		27		40		346		506		90		
275		340		67		20		3212		3372		90		
276		172		294		40		762		922		90		
277		60		198		50		3451		3611		90		
278		126		21		30		3296		3456		90		
279		150		46		20		300		460		90		
280		453		475		10		2449		2609		90		
281		381		227		30		2396		2556		90		
282		470		387		20		2383		2543		90		
283		466		490		10		1000		1160		90		
284		459		31		40		1892		2052		90		
285		175		170		30		1541		1701		90		
286		177		363		50		3139		3299		90		
287		359		166		10		1196		1356		90		
288		56		415		30		431		591		90		
289		446		32		40		1373		1533		90		
290		297		407		40		1471		1631		90		
291		366		178		50		1883		2043		90		
292		361		150		30		2124		2284		90		
293		455		185		40		1823		1983		90		
294		294		202		20		1739		1899		90		
295		487		498		40		964		1124		90		
296		349		172		40		645		805		90		
297		362		468		30		2822		2982		90		
298		304		402		10		2652		2812		90		
299		158		172		40		252		412		90		
300		484		43		10		2159		2319		90		
301		237		464		50		402		562		90		
302		474		73		20		790		950		90		
303		155		311		10		574		734		90		
304		477		319		30		1394		1554		90		
305		458		31		50		966		1126		90		
306		161		157		50		3456		3616		90		
307		149		59		10		493		653		90		
308		190		274		10		758		918		90		
309		366		212		10		688		848		90		
310		52		188		50		2446		2606		90		
311		32		16		20		1415		1575		90		
312		141		481		20		906		1066		90		
313		331		449		30		1077		1237		90		
314		456		401		50		383		543		90		
315		111		4		50		972		1132		90		
316		466		477		20		2673		2833		90		
317		311		421		20		2193		2353		90		
318		332		291		10		1865		2025		90		
319		148		10		20		2225		2385		90		
320		442		176		40		3317		3477		90		
321		94		210		50		655		815		90		
322		329		210		30		3171		3331		90		
323		16		1		10		741		901		90		
324		473		19		10		878		1038		90		
325		110		274		40		3215		3375		90		
326		70		194		40		824		984		90		
327		327		189		10		1592		1752		90		
328		256		450		50		376		536		90		
329		130		85		10		1231		1391		90		
330		362		182		30		381		541		90		
331		321		455		20		1366		1526		90		
332		125		16		10		3044		3204		90		
333		435		351		10		2829		2989		90		
334		126		256		30		3431		3591		90		
335		158		133		30		2135		2295		90		
336		21		0		40		1237		1397		90		
337		285		41		50		735		895		90		
338		482		299		20		2183		2343		90		
339		236		145		30		2128		2288		90		
340		486		109		30		2647		2807		90		
341		14		105		20		3078		3238		90		
342		291		188		20		1810		1970		90		
343		292		178		10		1539		1699		90		
344		322		79		40		1285		1445		90		
345		297		178		40		708		868		90		
346		446		14		50		2486		2646		90		
347		303		124		10		454		614		90		
348		58		269		10		2922		3082		90		
349		437		347		20		530		690		90		
350		485		478		40		878		1038		90		
351		474		26		20		1892		2052		90		
352		281		0		30		542		702		90		
353		472		452		20		1591		1751		90		
354		58		238		10		2190		2350		90		
355		141		162		30		586		746		90		
356		338		262		40		3529		3689		90		
357		227		163		10		2191		2351		90		
358		344		445		50		3038		3198		90		
359		48		398		50		1807		1967		90		
360		375		429		40		464		624		90		
361		191		141		10		3345		3505		90		
362		247		433		30		2937		3097		90		
363		19		23		30		388		548		90		
364		164		462		50		1111		1271		90		
365		477		494		20		3083		3243		90		
366		63		220		40		1090		1250		90		
367		167		497		40		1314		1474		90		
368		177		163		10		554		714		90		
369		488		63		20		3259		3419		90		
370		105		16		50		2971		3131		90		
371		382		75		50		1663		1823		90		
372		301		77		30		3462		3622		90		
373		359		210		20		2103		2263		90		
374		358		426		40		1903		2063		90		
375		365		190		30		474		634		90		
376		76		392		50		227		387		90		
377		29		23		50		1012		1172		90		
378		271		191		30		545		705		90		
379		193		64		20		1012		1172		90		
380		354		438		50		3278		3438		90		
381		446		497		20		2083		2243		90		
382		35		123		10		1949		2109		90		
383		138		303		20		548		708		90		
384		245		84		30		1842		2002		90		
385		466		480		30		1687		1847		90		
386		118		37		20		679		839		90		
387		57		259		50		2044		2204		90		
388		111		92		50		864		1024		90		
389		440		174		30		948		1108		90		
390		311		422		10		401		561		90		
391		301		174		20		1925		2085		90		
392		306		386		20		3467		3627		90		
393		173		488		40		2925		3085		90		
394		428		106		40		3210		3370		90		
395		289		140		30		449		609		90		
396		292		45		20		2719		2879		90		
397		403		160		50		2178		2338		90		
398		90		377		20		249		409		90		
399		472		477		40		362		522		90		
400		25		2		30		2993		3153		90		
401		88		220		20		2188		2348		90		
402		50		239		40		2145		2305		90		
403		309		51		50		1727		1887		90		
404		118		125		10		3081		3241		90		
405		364		226		50		1121		1281		90		
406		50		210		40		751		911		90		
407		430		79		40		967		1127		90		
408		453		297		30		1017		1177		90		
409		167		155		50		2673		2833		90		
410		469		269		10		577		737		90		
411		216		67		50		2192		2352		90		
412		486		37		20		2025		2185		90		
413		212		104		40		241		401		90		
414		157		321		30		732		892		90		
415		86		202		40		2852		3012		90		
416		471		496		10		424		584		90		
417		466		291		10		1806		1966		90		
418		498		47		30		2145		2305		90		
419		306		266		50		1116		1276		90		
420		292		439		50		2590		2750		90		
421		84		98		40		2785		2945		90		
422		353		54		10		2192		2352		90		
423		448		34		50		2152		2312		90		
424		117		4		10		2692		2852		90		
425		171		284		30		2592		2752		90		
426		237		18		50		600		760		90		
427		294		30		40		2770		2930		90		
428		221		197		40		3349		3509		90		
429		327		79		20		1605		1765		90		
430		73		374		30		2810		2970		90		
431		24		101		50		2478		2638		90		
432		108		17		50		978		1138		90		
433		292		28		20		2816		2976		90		
434		465		357		20		1106		1266		90		
435		100		31		10		3025		3185		90		
436		3		94		40		799		959		90		
437		52		92		10		1067		1227		90		
438		397		0		10		532		692		90		
439		44		411		40		2154		2314		90		
440		282		410		30		2378		2538		90		
441		298		392		50		823		983		90		
442		468		399		40		2152		2312		90		
443		484		469		50		2421		2581		90		
444		61		410		40		254		414		90		
445		296		34		50		1428		1588		90		
446		453		465		30		1235		1395		90		
447		91		63		40		292		452		90		
448		300		5		40		2979		3139		90		
449		77		215		40		3302		3462		90		
450		23		91		40		3341		3501		90		
451		144		321		30		200		360		90		
452		335		417		30		1279		1439		90		
453		432		49		50		1020		1180		90		
454		221		25		20		657		817		90		
455		60		192		10		1930		2090		90		
456		111		25		50		946		1106		90		
457		336		154		50		3458		3618		90		
458		96		4		50		2756		2916		90		
459		385		214		10		701		861		90		
460		127		195		50		1221		1381		90		
461		168		54		10		2559		2719		90		
462		339		167		40		1852		2012		90		
463		260		441		40		2283		2443		90		
464		29		258		40		569		729		90		
465		264		360		20		781		941		90		
466		452		40		40		1215		1375		90		
467		490		120		10		3364		3524		90		
468		232		158		30		2018		2178		90		
469		85		55		20		1843		2003		90		
470		329		181		10		2430		2590		90		
471		132		48		10		2133		2293		90		
472		103		100		10		2053		2213		90		
473		482		34		20		1272		1432		90		
474		269		21		20		1278		1438		90		
475		250		81		40		344		504		90		
476		416		79		50		2443		2603		90		
477		134		206		40		3536		3696		90		
478		229		158		10		2932		3092		90		
479		359		195		50		3196		3356		90		
480		167		476		50		2058		2218		90		
481		306		243		10		319		479		90		
482		140		46		50		1301		1461		90		
483		283		355		10		727		887		90		
484		70		204		50		928		1088		90		
485		191		291		20		1591		1751		90		
486		208		66		30		3163		3323		90		
487		105		276		40		2655		2815		90		
488		282		399		20		668		828		90		
489		383		114		10		2332		2492		90		
490		88		398		40		2792		2952		90		
491		301		399		10		2809		2969		90		
492		166		164		40		2057		2217		90		
493		352		185		20		3405		3565		90		
494		108		277		10		386		546		90		
495		433		99		20		307		467		90		
496		490		59		30		2500		2660		90		
497		250		432		50		932		1092		90		
498		305		168		30		340		500		90		
499		71		44		40		3271		3431		90		
500		77		369		10		270		430		90		
501		332		38		40		1661		1821		90		
502		148		74		20		1790		1950		90		
503		359		212		40		2707		2867		90		
504		169		9		40		706		866		90		
505		257		429		10		2543		2703		90		
506		65		371		30		2192		2352		90		
507		434		174		10		2009		2169		90		
508		138		197		30		1872		2032		90		
509		264		117		10		3489		3649		90		
510		107		29		40		1325		1485		90		
511		365		28		30		2785		2945		90		
512		97		111		30		1138		1298		90		
513		454		427		50		1796		1956		90		
514		122		16		30		2172		2332		90		
515		336		71		50		3273		3433		90		
516		163		69		10		612		772		90		
517		327		492		10		2874		3034		90		
518		400		2		30		651		811		90		
519		157		480		10		3387		3547		90		
520		367		32		20		2344		2504		90		
521		130		20		50		2356		2516		90		
522		366		170		40		2600		2760		90		
523		52		417		20		1139		1299		90		
524		364		446		30		2956		3116		90		
525		267		329		40		883		1043		90		
526		94		33		40		722		882		90		
527		387		224		50		978		1138		90		
528		296		185		10		483		643		90		
529		90		410		20		2133		2293		90		
530		296		481		20		2542		2702		90		
531		308		34		20		2777		2937		90		
532		153		492		10		2221		2381		90		
533		252		161		50		753		913		90		
534		64		96		10		1541		1701		90		
535		393		181		20		2319		2479		90		
536		247		58		50		2771		2931		90		
537		270		136		10		1931		2091		90		
538		272		97		40		2049		2209		90		
539		180		365		50		2866		3026		90		
540		57		412		10		1200		1360		90		
541		263		462		40		563		723		90		
542		353		446		30		1754		1914		90		
543		207		83		40		1516		1676		90		
544		371		7		30		1721		1881		90		
545		380		476		20		2128		2288		90		
546		94		21		10		2409		2569		90		
547		295		125		20		2470		2630		90		
548		346		203		40		2104		2264		90		
549		247		145		20		1119		1279		90		
550		400		1		50		1906		2066		90		
551		356		495		30		3164		3324		90		
552		222		54		30		2697		2857		90		
553		302		78		50		212		372		90		
554		321		442		30		1486		1646		90		
555		228		82		20		433		593		90		
556		80		84		30		2795		2955		90		
557		379		189		20		1223		1383		90		
558		62		161		40		3087		3247		90		
559		186		329		40		724		884		90		
560		167		334		30		2014		2174		90		
561		161		23		30		736		896		90		
562		155		461		30		1099		1259		90		
563		50		198		10		3225		3385		90		
564		338		198		40		2953		3113		90		
565		281		58		20		1389		1549		90		
566		438		197		20		2006		2166		90		
567		369		208		10		2181		2341		90		
568		244		96		20		1523		1683		90		
569		278		172		40		2688		2848		90		
570		388		188		20		2489		2649		90		
571		440		96		10		882		1042		90		
572		353		494		50		2588		2748		90		
573		493		50		30		2773		2933		90		
574		97		280		30		3145		3305		90		
575		254		439		20		1601		1761		90		
576		119		270		50		2458		2618		90		
577		180		67		40		1496		1656		90		
578		304		400		30		2541		2701		90		
579		486		123		30		1216		1376		90		
580		70		396		40		3390		3550		90		
581		314		291		30		3445		3605		90		
582		448		164		30		912		1072		90		
583		314		382		20		354		514		90		
584		42		267		10		3137		3297		90		
585		248		428		20		353		513		90		
586		290		125		20		1774		1934		90		
587		38		14		30		2800		2960		90		
588		426		165		20		1069		1229		90		
589		451		27		50		3303		3463		90		
590		350		454		10		1892		2052		90		
591		269		135		30		3035		3195		90		
592		147		465		20		852		1012		90		
593		321		391		10		2209		2369		90		
594		306		233		20		225		385		90		
595		375		85		30		1600		1760		90		
596		259		15		50		1957		2117		90		
597		363		198		10		600		760		90		
598		227		464		50		1644		1804		90		
599		481		311		50		544		704		90		
600		303		252		10		958		1118		90		
601		65		100		50		3318		3478		90		
602		244		53		30		2112		2272		90		
603		279		136		40		989		1149		90		
604		464		295		30		1178		1338		90		
605		212		171		30		2723		2883		90		
606		316		256		30		265		425		90		
607		156		212		20		3337		3497		90		
608		417		78		50		1958		2118		90		
609		20		234		40		872		1032		90		
610		259		73		40		910		1070		90		
611		477		16		50		1710		1870		90		
612		222		84		10		1052		1212		90		
613		279		369		40		918		1078		90		
614		261		58		20		1305		1465		90		
615		129		283		30		3397		3557		90		
616		497		47		10		3027		3187		90		
617		272		146		50		2422		2582		90		
618		99		16		50		496		656		90		
619		162		163		20		1514		1674		90		
620		180		12		10		2084		2244		90		
621		475		46		30		2650		2810		90		
622		384		432		20		1503		1663		90		
623		162		22		30		2938		3098		90		
624		11		29		50		2809		2969		90		
625		474		383		10		2042		2202		90		
626		344		434		50		1085		1245		90		
627		300		18		10		252		412		90		
628		485		46		40		2826		2986		90		
629		301		471		50		1680		1840		90		
630		246		143		30		1173		1333		90		
631		369		416		30		2002		2162		90		
632		447		32		30		489		649		90		
633		314		412		30		651		811		90		
634		354		201		10		1895		2055		90		
635		168		280		20		1261		1421		90		
636		62		406		50		413		573		90		
637		450		172		50		1436		1596		90		
638		309		394		10		1838		1998		90		
639		179		287		50		297		457		90		
640		445		60		10		1175		1335		90		
641		233		47		10		295		455		90		
642		446		199		50		911		1071		90		
643		110		25		20		2329		2489		90		
644		125		30		20		2001		2161		90		
645		205		73		10		1402		1562		90		
646		190		87		30		3347		3507		90		
647		220		481		20		531		691		90		
648		346		100		40		3276		3436		90		
649		382		201		10		336		496		90		
650		380		200		40		1309		1469		90		
651		269		93		30		3492		3652		90		
652		94		99		10		1964		2124		90		
653		434		166		40		344		504		90		
654		455		71		20		749		909		90		
655		156		194		10		1293		1453		90		
656		366		484		10		2552		2712		90		
657		246		464		30		763		923		90		
658		381		194		40		2837		2997		90		
659		80		193		30		3060		3220		90		
660		204		354		30		1705		1865		90		
661		144		483		30		3196		3356		90		
662		143		48		20		3238		3398		90		
663		456		175		50		1802		1962		90		
664		354		84		40		3398		3558		90		
665		363		166		10		1151		1311		90		
666		380		212		20		838		998		90		
667		467		356		20		3217		3377		90		
668		378		185		50		3240		3400		90		
669		185		97		30		2729		2889		90		
670		245		42		10		768		928		90		
671		46		414		50		2435		2595		90		
672		489		376		30		1575		1735		90		
673		459		496		20		1059		1219		90		
674		483		477		20		3027		3187		90		
675		352		191		40		1284		1444		90		
676		78		214		20		757		917		90		
677		129		261		50		3195		3355		90		
678		198		482		20		2667		2827		90		
679		63		204		50		2119		2279		90		
680		145		283		30		1271		1431		90		
681		201		79		10		888		1048		90		
682		197		94		50		1262		1422		90		
683		293		394		30		1308		1468		90		
684		206		321		40		1274		1434		90		
685		280		91		40		739		899		90		
686		312		377		20		1253		1413		90		
687		469		297		40		924		1084		90		
688		97		93		10		294		454		90		
689		271		136		10		2248		2408		90		
690		443		413		10		1062		1222		90		
691		349		86		30		3097		3257		90		
692		275		436		50		2426		2586		90		
693		169		286		20		495		655		90		
694		219		298		50		182		342		90		
695		170		463		20		3427		3587		90		
696		232		102		20		2712		2872		90		
697		469		410		10		469		629		90		
698		298		179		50		3292		3452		90		
699		310		282		10		3127		3287		90		
700		494		72		50		676		836		90		
701		470		483		50		1069		1229		90		
702		49		246		20		911		1071		90		
703		225		73		30		780		940		90		
704		393		203		50		2377		2537		90		
705		44		204		20		2218		2378		90		
706		206		327		30		3192		3352		90		
707		315		429		20		387		547		90		
708		173		141		30		3347		3507		90		
709		154		472		50		746		906		90		
710		197		453		30		3362		3522		90		
711		334		168		10		2963		3123		90		
712		367		78		20		2528		2688		90		
713		327		270		40		1037		1197		90		
714		323		186		10		2561		2721		90		
715		280		186		10		343		503		90		
716		457		378		30		2640		2800		90		
717		84		86		40		3210		3370		90		
718		302		169		40		344		504		90		
719		90		265		40		380		540		90		
720		254		47		50		360		520		90		
721		167		23		50		1017		1177		90		
722		9		111		20		1601		1761		90		
723		302		145		50		2596		2756		90		
724		72		415		50		1044		1204		90		
725		10		92		30		708		868		90		
726		287		187		30		407		567		90		
727		135		226		30		495		655		90		
728		109		27		30		3363		3523		90		
729		303		404		50		780		940		90		
730		459		412		30		3373		3533		90		
731		46		415		10		1982		2142		90		
732		375		205		40		1943		2103		90		
733		349		450		50		1460		1620		90		
734		472		464		20		2837		2997		90		
735		304		18		50		401		561		90		
736		71		96		30		1764		1924		90		
737		276		177		10		501		661		90		
738		171		484		20		1197		1357		90		
739		480		497		40		978		1138		90		
740		325		175		10		3122		3282		90		
741		384		20		20		1048		1208		90		
742		249		442		20		940		1100		90		
743		155		319		10		1467		1627		90		
744		104		11		10		1193		1353		90		
745		453		342		10		2414		2574		90		
746		303		13		10		1142		1302		90		
747		271		367		40		1136		1296		90		
748		432		60		30		357		517		90		
749		452		405		20		1753		1913		90		
750		440		179		50		1482		1642		90		
751		87		118		30		2972		3132		90		
752		16		100		50		3184		3344		90		
753		452		498		10		2880		3040		90		
754		359		122		30		774		934		90		
755		166		50		20		3164		3324		90		
756		314		159		10		1104		1264		90		
757		48		402		10		535		695		90		
758		317		401		30		1856		2016		90		
759		101		22		30		3114		3274		90		
760		363		201		50		918		1078		90		
761		274		125		10		743		903		90		
762		337		186		20		2769		2929		90		
763		171		30		10		296		456		90		
764		249		47		50		889		1049		90		
765		160		48		20		1738		1898		90		
766		374		220		10		3384		3544		90		
767		48		210		40		613		773		90		
768		291		3		40		1083		1243		90		
769		476		19		50		1140		1300		90		
770		465		431		10		2616		2776		90		
771		492		478		40		593		753		90		
772		64		167		50		2551		2711		90		
773		50		207		20		2493		2653		90		
774		17		5		50		924		1084		90		
775		380		482		20		2935		3095		90		
776		462		497		20		3280		3440		90		
777		480		116		40		2635		2795		90		
778		455		309		10		1056		1216		90		
779		130		299		50		190		350		90		
780		108		257		40		1712		1872		90		
781		441		382		20		3332		3492		90		
782		356		437		30		2777		2937		90		
783		95		127		50		2034		2194		90		
784		213		43		40		1334		1494		90		
785		279		36		10		778		938		90		
786		467		411		10		1538		1698		90		
787		164		20		40		1171		1331		90		
788		302		36		10		3028		3188		90		
789		175		333		50		337		497		90		
790		190		103		40		3324		3484		90		
791		238		59		30		2632		2792		90		
792		280		147		20		2458		2618		90		
793		361		468		10		2011		2171		90		
794		464		13		40		1447		1607		90		
795		494		60		40		343		503		90		
796		333		250		20		3270		3430		90		
797		344		442		30		2892		3052		90		
798		71		402		30		2539		2699		90		
799		8		109		40		1144		1304		90		
800		233		131		30		3190		3350		90		
801		108		82		50		3244		3404		90		
802		278		179		50		1275		1435		90		
803		107		32		10		1988		2148		90		
804		280		2		40		494		654		90		
805		298		282		10		3357		3517		90		
806		473		421		40		2355		2515		90		
807		386		102		10		3413		3573		90		
808		302		90		20		3289		3449		90		
809		223		76		10		1984		2144		90		
810		322		182		50		2309		2469		90		
811		259		167		10		2993		3153		90		
812		364		190		30		1585		1745		90		
813		169		51		20		1284		1444		90		
814		52		240		30		2635		2795		90		
815		319		176		40		1896		2056		90		
816		374		83		40		2237		2397		90		
817		132		7		50		2415		2575		90		
818		467		467		50		2804		2964		90		
819		232		311		50		1171		1331		90		
820		86		107		50		1593		1753		90		
821		385		194		40		816		976		90		
822		450		63		10		3355		3515		90		
823		298		41		20		1870		2030		90		
824		475		381		10		1248		1408		90		
825		50		420		30		3363		3523		90		
826		410		209		50		1982		2142		90		
827		57		397		20		490		650		90		
828		40		95		40		540		700		90		
829		120		31		20		2588		2748		90		
830		349		199		20		1865		2025		90		
831		345		199		50		2468		2628		90		
832		454		33		50		396		556		90		
833		356		200		50		934		1094		90		
834		388		476		50		1070		1230		90		
835		277		330		10		462		622		90		
836		455		361		20		497		657		90		
837		112		272		20		1237		1397		90		
838		257		430		10		361		521		90		
839		177		80		20		1679		1839		90		
840		307		469		50		255		415		90		
841		253		40		30		2046		2206		90		
842		336		194		30		1209		1369		90		
843		63		187		30		782		942		90		
844		464		476		40		1213		1373		90		
845		456		27		10		696		856		90		
846		327		203		20		1865		2025		90		
847		215		93		40		2452		2612		90		
848		166		72		10		620		780		90		
849		455		188		30		2038		2198		90		
850		239		154		30		2940		3100		90		
851		99		385		40		2908		3068		90		
852		358		178		10		1253		1413		90		
853		324		20		30		844		1004		90		
854		371		106		40		2333		2493		90		
855		333		467		30		2519		2679		90		
856		88		39		40		356		516		90		
857		366		174		40		1604		1764		90		
858		299		425		50		2792		2952		90		
859		149		313		30		2663		2823		90		
860		175		356		40		2298		2458		90		
861		350		221		40		1126		1286		90		
862		123		5		20		1772		1932		90		
863		209		307		30		1877		2037		90		
864		12		9		30		374		534		90		
865		298		419		30		3114		3274		90		
866		235		66		20		1299		1459		90		
867		487		94		30		3185		3345		90		
868		150		293		40		2707		2867		90		
869		360		210		10		3087		3247		90		
870		56		243		10		1248		1408		90		
871		311		461		40		680		840		90		
872		171		471		50		2389		2549		90		
873		159		281		20		3223		3383		90		
874		265		150		40		3060		3220		90		
875		479		74		10		918		1078		90		
876		227		74		30		506		666		90		
877		476		487		20		990		1150		90		
878		453		54		10		2731		2891		90		
879		211		93		30		389		549		90		
880		326		23		10		1537		1697		90		
881		234		485		20		2803		2963		90		
882		443		272		10		1408		1568		90		
883		260		355		50		1096		1256		90		
884		128		11		10		3011		3171		90		
885		326		441		10		3075		3235		90		
886		329		179		30		470		630		90		
887		142		304		10		2279		2439		90		
888		322		271		30		3355		3515		90		
889		114		275		10		2203		2363		90		
890		368		419		20		3146		3306		90		
891		466		476		50		2186		2346		90		
892		314		21		50		376		536		90		
893		287		73		10		2078		2238		90		
894		113		264		50		1740		1900		90		
895		438		389		20		2618		2778		90		
896		59		425		50		409		569		90		
897		93		257		30		2413		2573		90		
898		65		114		30		3068		3228		90		
899		162		302		20		268		428		90		
900		33		271		40		2124		2284		90		
901		58		167		50		1868		2028		90		
902		422		79		20		2633		2793		90		
903		382		58		20		2553		2713		90		
904		481		91		50		706		866		90		
905		203		82		20		2692		2852		90		
906		33		18		50		325		485		90		
907		259		349		30		3499		3659		90		
908		235		171		30		2460		2620		90		
909		450		477		40		2785		2945		90		
910		331		418		20		210		370		90		
911		171		98		10		621		781		90		
912		475		429		10		559		719		90		
913		333		186		10		2438		2598		90		
914		437		396		20		1583		1743		90		
915		371		2		40		3387		3547		90		
916		218		177		30		1691		1851		90		
917		167		341		10		1567		1727		90		
918		472		489		50		3250		3410		90		
919		388		19		30		486		646		90		
920		106		60		40		2092		2252		90		
921		81		114		40		639		799		90		
922		378		424		50		2809		2969		90		
923		226		30		40		513		673		90		
924		456		397		20		342		502		90		
925		63		208		40		2732		2892		90		
926		299		181		30		1188		1348		90		
927		442		347		20		2823		2983		90		
928		267		83		50		1907		2067		90		
929		219		153		50		2196		2356		90		
930		474		115		30		394		554		90		
931		386		204		20		1596		1756		90		
932		61		412		50		2579		2739		90		
933		365		197		20		2216		2376		90		
934		94		184		50		343		503		90		
935		459		492		20		1343		1503		90		
936		224		43		50		2373		2533		90		
937		260		336		10		2431		2591		90		
938		440		82		20		2574		2734		90		
939		374		15		20		2828		2988		90		
940		265		177		10		3053		3213		90		
941		175		475		40		3398		3558		90		
942		303		46		50		3197		3357		90		
943		170		74		30		2012		2172		90		
944		288		346		50		895		1055		90		
945		309		5		30		899		1059		90		
946		173		270		30		2090		2250		90		
947		354		99		20		2134		2294		90		
948		388		54		20		3281		3441		90		
949		263		51		10		3022		3182		90		
950		238		83		40		2615		2775		90		
951		219		315		40		418		578		90		
952		489		107		10		2570		2730		90		
953		168		470		10		2141		2301		90		
954		169		315		10		945		1105		90		
955		489		390		50		2822		2982		90		
956		460		491		10		2255		2415		90		
957		96		381		30		1431		1591		90		
958		364		47		20		563		723		90		
959		294		143		40		1168		1328		90		
960		137		491		20		2659		2819		90		
961		187		284		50		477		637		90		
962		21		99		10		1730		1890		90		
963		306		141		40		124		284		90		
964		111		282		40		2462		2622		90		
965		59		114		20		2629		2789		90		
966		391		232		10		2901		3061		90		
967		435		74		20		1651		1811		90		
968		298		384		30		843		1003		90		
969		195		169		30		1845		2005		90		
970		125		220		20		2416		2576		90		
971		175		71		30		2371		2531		90		
972		156		80		40		1556		1716		90		
973		68		114		10		2513		2673		90		
974		200		263		50		1571		1731		90		
975		296		59		20		595		755		90		
976		172		149		50		1779		1939		90		
977		457		192		20		410		570		90		
978		213		72		10		2905		3065		90		
979		123		24		50		1006		1166		90		
980		489		119		30		2444		2604		90		
981		349		195		30		2182		2342		90		
982		446		352		40		3045		3205		90		
983		483		492		30		338		498		90		
984		257		36		30		1325		1485		90		
985		354		228		50		494		654		90		
986		377		239		40		1792		1952		90		
987		298		35		30		3187		3347		90		
988		382		149		40		3354		3514		90		
989		396		19		20		365		525		90		
990		371		447		30		265		425		90		
991		178		12		20		3007		3167		90		
992		37		8		10		2973		3133		90		
993		243		46		20		2410		2570		90		
994		286		164		40		1678		1838		90		
995		340		172		50		1860		2020		90		
996		330		442		20		1755		1915		90		
997		300		23		30		2517		2677		90		
998		131		75		50		2035		2195		90		
999		5		18		10		910		1070		90		
1000		27		12		10		1403		1563		90		
