R2_10_13

VEHICLE
NUMBER     CAPACITY
250	1000

CUSTOMER
CUST NO.	XCOORD.	YCOORD.	DEMAND	READY TIME	DUE DATE	SERVICE TIME

0		250		250		0		0		7697		0		
1		384		496		0		2627		2743		10		
2		11		102		0		6822		6943		10		
3		73		277		10		761		938		10		
4		307		35		30		2869		2987		10		
5		191		348		40		2073		2310		10		
6		98		318		10		5683		5860		10		
7		25		436		40		457		583		10		
8		224		375		20		2509		2649		10		
9		419		304		20		5634		5813		10		
10		38		171		30		4009		4066		10		
11		147		16		0		5147		5287		10		
12		437		368		20		3655		3830		10		
13		313		84		0		6668		6745		10		
14		398		135		20		3559		3685		10		
15		303		208		20		423		491		10		
16		29		123		20		4175		4382		10		
17		156		276		10		840		922		10		
18		477		324		0		5181		5287		10		
19		95		313		40		6197		6251		10		
20		182		227		30		3963		4182		10		
21		120		5		30		2952		3027		10		
22		65		446		30		818		894		10		
23		175		469		40		5911		6105		10		
24		472		197		10		4612		4628		10		
25		323		276		40		1606		1640		10		
26		369		324		30		6365		6472		10		
27		258		345		20		4505		4697		10		
28		344		438		30		1210		1295		10		
29		60		307		10		6433		6663		10		
30		459		60		20		6302		6430		10		
31		60		258		10		6129		6327		10		
32		329		341		0		5432		5478		10		
33		129		119		40		4112		4220		10		
34		465		353		10		3648		3735		10		
35		494		206		10		3511		3643		10		
36		74		82		40		3468		3573		10		
37		206		174		30		1232		1301		10		
38		415		288		20		5886		6083		10		
39		90		266		10		6626		6640		10		
40		287		466		20		1305		1536		10		
41		252		151		40		4458		4570		10		
42		122		48		0		3569		3593		10		
43		86		103		40		4388		4590		10		
44		261		159		10		1745		1820		10		
45		106		4		30		7217		7276		10		
46		267		138		0		5441		5460		10		
47		293		18		30		4032		4079		10		
48		187		397		30		3736		3890		10		
49		467		193		30		6202		6413		10		
50		75		82		30		2699		2797		10		
51		199		322		20		903		967		10		
52		39		99		20		3153		3235		10		
53		155		470		10		3240		3427		10		
54		105		13		40		1407		1555		10		
55		461		211		0		1845		1870		10		
56		6		474		0		5821		5951		10		
57		275		329		30		1286		1429		10		
58		324		22		30		1101		1148		10		
59		57		438		10		7125		7341		10		
60		180		286		20		5001		5034		10		
61		148		240		30		2745		2761		10		
62		411		33		40		1300		1480		10		
63		294		161		10		4109		4190		10		
64		254		487		30		3849		3962		10		
65		253		107		30		2144		2269		10		
66		264		389		10		7355		7440		10		
67		52		292		40		5711		5912		10		
68		190		102		10		2219		2274		10		
69		221		142		30		5198		5370		10		
70		97		10		20		7013		7025		10		
71		428		461		40		3568		3718		10		
72		93		149		20		5528		5749		10		
73		191		281		0		1012		1031		10		
74		302		471		40		4981		5048		10		
75		469		388		0		5742		5803		10		
76		82		162		30		6822		6838		10		
77		415		195		40		2608		2829		10		
78		29		87		30		1680		1841		10		
79		251		421		30		3145		3273		10		
80		397		451		10		692		911		10		
81		234		56		20		4833		4943		10		
82		494		138		0		4084		4151		10		
83		322		55		10		4955		5094		10		
84		76		169		20		5566		5648		10		
85		478		199		30		2502		2585		10		
86		425		56		20		402		594		10		
87		321		386		40		2204		2322		10		
88		466		2		20		3720		3904		10		
89		215		316		0		4678		4788		10		
90		493		11		20		6516		6566		10		
91		179		75		10		5686		5877		10		
92		366		393		40		1872		1964		10		
93		131		475		30		7204		7238		10		
94		458		405		10		626		739		10		
95		149		365		10		990		1218		10		
96		290		370		0		3250		3467		10		
97		58		219		40		1393		1410		10		
98		327		109		40		7307		7359		10		
99		290		417		20		6588		6679		10		
100		141		377		30		1971		2062		10		
101		47		242		30		4015		4053		10		
102		435		404		10		275		335		10		
103		430		450		10		1267		1343		10		
104		25		301		30		364		502		10		
105		17		343		10		6083		6251		10		
106		286		263		20		3392		3417		10		
107		124		171		30		2599		2767		10		
108		489		243		0		1769		1848		10		
109		266		469		30		2882		3041		10		
110		476		499		0		2931		3068		10		
111		488		488		10		6013		6076		10		
112		329		32		40		6641		6863		10		
113		433		417		10		1189		1421		10		
114		450		325		40		4634		4803		10		
115		89		98		10		6879		6983		10		
116		450		129		40		3039		3243		10		
117		332		256		0		413		535		10		
118		38		487		20		6286		6380		10		
119		44		43		20		3558		3602		10		
120		450		216		0		386		456		10		
121		91		231		0		6933		7025		10		
122		429		250		40		3655		3855		10		
123		13		405		0		6924		7097		10		
124		91		128		20		6715		6869		10		
125		14		416		40		5795		5847		10		
126		391		113		0		7322		7334		10		
127		420		101		10		871		995		10		
128		475		487		10		4769		4890		10		
129		80		97		40		2824		2924		10		
130		406		0		0		883		979		10		
131		54		215		0		3639		3797		10		
132		81		293		0		2696		2738		10		
133		172		435		10		6122		6336		10		
134		193		5		20		4398		4439		10		
135		35		120		40		5739		5884		10		
136		296		226		0		6979		7010		10		
137		294		138		0		5072		5111		10		
138		412		472		20		2202		2315		10		
139		35		163		30		5009		5024		10		
140		201		66		10		3676		3733		10		
141		192		11		0		3493		3541		10		
142		287		283		30		287		297		10		
143		32		359		20		2031		2264		10		
144		177		390		10		2504		2709		10		
145		426		306		30		5626		5718		10		
146		395		96		40		1402		1456		10		
147		393		466		10		1245		1344		10		
148		391		78		30		2575		2668		10		
149		201		351		10		6842		6929		10		
150		132		260		0		440		464		10		
151		51		391		0		930		940		10		
152		372		111		20		3359		3534		10		
153		382		203		40		1887		2058		10		
154		291		387		30		1653		1807		10		
155		82		74		20		278		435		10		
156		117		440		20		4930		5049		10		
157		197		380		0		2099		2267		10		
158		466		151		30		831		1019		10		
159		317		109		40		5394		5583		10		
160		285		282		10		1819		1948		10		
161		93		200		40		4148		4299		10		
162		477		13		20		6685		6708		10		
163		58		98		0		2047		2092		10		
164		174		279		20		3590		3807		10		
165		241		57		10		3858		4005		10		
166		415		365		10		4025		4083		10		
167		406		299		40		5892		6056		10		
168		115		336		30		6504		6675		10		
169		191		185		0		3549		3577		10		
170		6		467		10		3347		3505		10		
171		44		194		20		6729		6783		10		
172		332		185		20		1646		1803		10		
173		247		297		30		1789		1983		10		
174		256		110		10		3221		3363		10		
175		210		156		10		1279		1305		10		
176		353		426		20		4708		4785		10		
177		164		394		10		1313		1522		10		
178		30		429		40		4780		4824		10		
179		163		273		10		3543		3755		10		
180		181		213		30		1925		2147		10		
181		332		429		20		992		1211		10		
182		408		162		0		1130		1225		10		
183		23		242		40		5568		5743		10		
184		287		158		20		3510		3518		10		
185		260		339		40		5145		5279		10		
186		323		123		10		6332		6348		10		
187		66		174		40		7028		7121		10		
188		431		212		10		7030		7070		10		
189		376		207		30		5847		6044		10		
190		69		353		0		1075		1295		10		
191		386		332		40		7171		7227		10		
192		140		206		10		4841		4852		10		
193		384		477		40		2408		2530		10		
194		179		166		0		356		518		10		
195		483		476		40		7102		7273		10		
196		434		373		40		3017		3027		10		
197		399		62		30		2845		2879		10		
198		356		306		10		2919		3046		10		
199		494		175		40		670		752		10		
200		53		203		0		7254		7302		10		
201		176		35		20		7326		7451		10		
202		281		378		30		5898		6129		10		
203		84		130		10		1106		1285		10		
204		404		88		30		1052		1076		10		
205		402		113		20		2339		2458		10		
206		149		68		10		628		786		10		
207		147		347		0		4162		4270		10		
208		492		449		20		3895		4055		10		
209		286		475		30		3773		3939		10		
210		209		240		20		7051		7132		10		
211		139		262		20		7085		7164		10		
212		424		363		40		2673		2680		10		
213		128		396		10		4047		4154		10		
214		359		415		30		2559		2620		10		
215		233		482		10		5128		5160		10		
216		147		235		30		5589		5597		10		
217		430		13		0		3236		3334		10		
218		350		234		40		2276		2511		10		
219		96		158		20		2164		2311		10		
220		263		23		40		3900		4049		10		
221		14		214		0		6514		6621		10		
222		469		463		40		4007		4140		10		
223		149		444		40		845		1049		10		
224		446		49		40		2187		2372		10		
225		216		483		40		352		550		10		
226		232		99		30		197		308		10		
227		417		444		40		1151		1256		10		
228		355		217		40		3272		3481		10		
229		64		208		20		4273		4415		10		
230		327		207		20		4965		4978		10		
231		312		136		0		5984		6178		10		
232		167		385		30		4323		4503		10		
233		199		102		10		6861		6956		10		
234		5		390		10		848		984		10		
235		149		440		30		1895		1954		10		
236		486		190		40		1630		1787		10		
237		332		269		10		6896		6970		10		
238		326		165		30		2100		2246		10		
239		401		318		10		745		962		10		
240		407		329		30		4011		4112		10		
241		262		384		30		4070		4145		10		
242		436		87		10		6257		6330		10		
243		38		245		30		2909		3066		10		
244		177		498		40		968		1037		10		
245		456		44		0		4774		4976		10		
246		18		199		30		6817		6835		10		
247		430		471		20		2956		3037		10		
248		81		187		20		3107		3121		10		
249		211		330		30		1102		1185		10		
250		62		32		0		4430		4453		10		
251		85		267		20		3157		3362		10		
252		428		7		40		2330		2507		10		
253		7		204		10		4988		5120		10		
254		16		203		20		4985		5165		10		
255		213		140		30		5157		5290		10		
256		71		372		20		1356		1398		10		
257		346		39		40		4681		4854		10		
258		16		325		0		6738		6745		10		
259		256		66		30		3572		3713		10		
260		407		146		20		1786		1831		10		
261		398		354		0		2412		2588		10		
262		230		7		40		1536		1730		10		
263		221		154		30		6927		7135		10		
264		98		361		20		5589		5758		10		
265		319		266		20		7000		7236		10		
266		127		303		20		3531		3610		10		
267		245		446		10		3783		3927		10		
268		325		200		40		4893		5041		10		
269		285		153		20		4226		4257		10		
270		495		397		20		1528		1664		10		
271		455		424		0		6104		6223		10		
272		359		485		0		2746		2903		10		
273		94		213		0		4857		5071		10		
274		194		257		0		2295		2310		10		
275		40		280		0		4695		4759		10		
276		180		447		10		4101		4264		10		
277		91		204		40		1659		1821		10		
278		14		23		30		4094		4247		10		
279		265		168		40		3497		3628		10		
280		268		258		10		7165		7226		10		
281		161		267		10		1542		1712		10		
282		457		271		30		4671		4677		10		
283		39		257		10		5130		5186		10		
284		106		439		30		5567		5780		10		
285		383		450		0		5274		5402		10		
286		44		101		20		1299		1399		10		
287		80		263		40		2999		3177		10		
288		479		365		10		7294		7411		10		
289		35		336		10		6494		6604		10		
290		272		38		20		2874		3065		10		
291		483		57		10		932		1127		10		
292		322		429		40		4901		5111		10		
293		38		70		40		1767		2002		10		
294		283		109		30		5657		5838		10		
295		102		472		10		5224		5357		10		
296		244		284		0		765		906		10		
297		232		278		20		6271		6463		10		
298		329		179		0		4406		4586		10		
299		264		97		0		3452		3635		10		
300		196		281		40		192		418		10		
301		481		45		10		6988		7086		10		
302		122		316		40		5103		5134		10		
303		38		312		40		6290		6493		10		
304		448		426		30		419		504		10		
305		220		488		40		826		887		10		
306		211		437		10		3912		4079		10		
307		479		393		30		5123		5228		10		
308		127		6		40		5418		5590		10		
309		219		392		0		5710		5822		10		
310		312		1		20		2572		2751		10		
311		154		487		0		5780		5828		10		
312		25		311		30		5258		5275		10		
313		368		231		10		2513		2712		10		
314		64		24		0		6241		6354		10		
315		95		325		30		7226		7452		10		
316		374		137		20		2761		2812		10		
317		57		84		10		1754		1773		10		
318		356		445		40		3422		3494		10		
319		58		298		10		4428		4638		10		
320		372		197		40		4303		4523		10		
321		470		328		30		5842		6020		10		
322		142		492		20		1533		1727		10		
323		67		324		20		499		666		10		
324		353		367		20		5472		5498		10		
325		493		308		40		2897		3081		10		
326		98		186		0		5826		6020		10		
327		416		345		20		3464		3570		10		
328		401		355		30		2053		2177		10		
329		361		333		10		5416		5643		10		
330		374		275		10		4376		4436		10		
331		147		341		40		5831		5892		10		
332		79		281		20		3601		3611		10		
333		366		37		10		5471		5663		10		
334		352		125		0		2011		2052		10		
335		266		36		0		3929		3978		10		
336		9		91		40		2138		2211		10		
337		352		96		10		6184		6317		10		
338		298		59		10		3640		3647		10		
339		292		251		0		3178		3390		10		
340		4		0		30		6944		7033		10		
341		297		101		20		806		846		10		
342		18		333		30		2468		2671		10		
343		200		76		0		2702		2735		10		
344		498		102		40		6602		6735		10		
345		183		20		0		4761		4809		10		
346		369		489		30		1329		1429		10		
347		41		484		10		2155		2391		10		
348		138		26		30		5095		5314		10		
349		454		251		0		2754		2800		10		
350		76		337		40		5428		5506		10		
351		369		261		20		3485		3540		10		
352		371		469		40		6679		6794		10		
353		106		444		0		4221		4375		10		
354		283		75		40		5249		5283		10		
355		494		335		20		7338		7414		10		
356		466		131		30		5012		5148		10		
357		484		211		30		810		829		10		
358		73		256		0		5245		5482		10		
359		119		428		0		7079		7165		10		
360		244		112		10		3876		3923		10		
361		312		270		40		3279		3312		10		
362		455		179		20		422		620		10		
363		98		111		30		284		368		10		
364		289		370		0		6888		6917		10		
365		281		251		40		7189		7409		10		
366		234		184		30		1777		1879		10		
367		458		298		30		423		528		10		
368		478		9		30		1040		1262		10		
369		221		43		40		2486		2539		10		
370		251		146		30		3359		3376		10		
371		21		453		30		3749		3795		10		
372		346		30		10		6490		6692		10		
373		404		228		10		5140		5225		10		
374		25		286		10		830		970		10		
375		244		25		30		6825		6894		10		
376		358		257		40		5609		5789		10		
377		208		102		10		2188		2235		10		
378		52		16		20		3800		3998		10		
379		42		374		30		7089		7193		10		
380		196		159		30		1183		1369		10		
381		46		1		0		3151		3187		10		
382		204		484		30		6697		6751		10		
383		122		456		10		5685		5736		10		
384		38		247		40		2769		2776		10		
385		303		280		0		1730		1783		10		
386		274		22		30		4088		4207		10		
387		37		116		0		3644		3860		10		
388		437		260		40		3902		4083		10		
389		363		34		0		2265		2462		10		
390		148		106		0		3738		3857		10		
391		262		175		10		2964		3097		10		
392		219		254		20		4796		4811		10		
393		252		486		10		4606		4757		10		
394		339		307		30		4594		4656		10		
395		151		289		40		523		644		10		
396		324		152		30		5464		5615		10		
397		328		333		40		6968		7025		10		
398		215		155		30		1774		1789		10		
399		441		179		20		6350		6417		10		
400		465		37		30		5625		5666		10		
401		275		94		0		5258		5410		10		
402		473		5		0		4252		4317		10		
403		360		441		30		2059		2256		10		
404		247		23		0		3277		3477		10		
405		85		134		20		1562		1652		10		
406		290		241		30		5978		6117		10		
407		36		223		10		6030		6174		10		
408		235		314		20		370		511		10		
409		439		476		30		4982		5065		10		
410		466		211		40		2064		2165		10		
411		72		274		0		5709		5754		10		
412		15		320		0		5772		5800		10		
413		462		469		30		5399		5529		10		
414		346		140		10		5251		5360		10		
415		348		423		30		4078		4308		10		
416		331		160		0		1662		1797		10		
417		345		142		10		3932		4042		10		
418		59		235		40		742		822		10		
419		446		117		20		2785		2961		10		
420		468		275		20		6568		6659		10		
421		71		473		30		1525		1676		10		
422		343		436		40		2402		2474		10		
423		193		347		20		5406		5487		10		
424		1		44		40		1813		1842		10		
425		478		173		40		2974		3097		10		
426		228		400		40		4093		4325		10		
427		400		355		20		1985		2106		10		
428		11		313		20		4242		4352		10		
429		482		41		20		1017		1104		10		
430		106		180		0		5256		5437		10		
431		98		168		30		4079		4154		10		
432		166		340		0		2853		2957		10		
433		187		303		0		6914		7050		10		
434		83		396		0		1726		1868		10		
435		462		486		0		4906		4978		10		
436		217		283		20		4482		4535		10		
437		127		453		40		2257		2307		10		
438		205		116		0		6368		6582		10		
439		116		179		30		1925		1938		10		
440		125		71		30		5483		5697		10		
441		454		235		40		1331		1353		10		
442		32		483		40		5772		5951		10		
443		203		287		40		5279		5399		10		
444		19		14		40		1708		1791		10		
445		342		330		40		5758		5904		10		
446		412		198		0		6831		7035		10		
447		433		444		40		5678		5838		10		
448		344		427		20		5620		5764		10		
449		396		252		20		7355		7364		10		
450		47		123		20		6868		7073		10		
451		340		173		20		3392		3502		10		
452		385		476		10		4305		4454		10		
453		342		319		20		4787		4826		10		
454		469		39		40		2880		3094		10		
455		229		91		20		6769		7002		10		
456		404		121		30		2060		2282		10		
457		258		58		30		3305		3403		10		
458		86		120		10		1293		1425		10		
459		432		475		0		6915		6963		10		
460		343		24		20		6623		6799		10		
461		456		184		40		3240		3263		10		
462		104		446		0		3437		3589		10		
463		366		96		10		3876		4078		10		
464		192		212		0		1197		1263		10		
465		116		90		10		507		695		10		
466		47		444		30		3089		3141		10		
467		198		127		20		3992		4073		10		
468		232		238		40		3698		3704		10		
469		315		280		30		1521		1734		10		
470		453		146		20		2286		2341		10		
471		242		100		10		6283		6456		10		
472		195		173		10		6715		6915		10		
473		399		70		0		4174		4248		10		
474		368		438		10		1949		2165		10		
475		43		465		10		7061		7125		10		
476		211		459		0		2852		2999		10		
477		21		332		10		1114		1319		10		
478		374		9		0		2118		2176		10		
479		34		448		40		2193		2340		10		
480		120		1		40		6507		6653		10		
481		168		160		0		1086		1115		10		
482		131		451		30		5240		5371		10		
483		350		299		10		3234		3349		10		
484		331		380		10		4031		4156		10		
485		210		427		40		2453		2639		10		
486		282		241		40		410		475		10		
487		139		220		0		526		551		10		
488		296		451		40		945		1013		10		
489		273		53		10		1450		1557		10		
490		463		364		10		1420		1575		10		
491		213		293		20		979		1105		10		
492		263		442		0		2603		2736		10		
493		396		430		20		2446		2645		10		
494		395		312		30		6121		6263		10		
495		148		147		20		2932		2956		10		
496		356		59		20		5126		5235		10		
497		182		427		0		2146		2382		10		
498		363		191		30		915		1072		10		
499		334		342		30		1962		2058		10		
500		140		413		30		4007		4168		10		
501		156		358		20		307		536		10		
502		430		83		40		5493		5551		10		
503		494		230		10		4049		4073		10		
504		256		73		40		5055		5206		10		
505		40		134		30		7030		7054		10		
506		452		52		20		2706		2874		10		
507		366		15		20		419		558		10		
508		321		477		0		7066		7167		10		
509		110		49		10		6047		6243		10		
510		157		405		30		521		565		10		
511		425		465		20		4261		4367		10		
512		415		329		30		4579		4732		10		
513		271		83		30		506		539		10		
514		299		106		40		4749		4950		10		
515		165		27		20		2700		2744		10		
516		214		143		10		4009		4178		10		
517		147		139		10		2665		2899		10		
518		244		385		0		3313		3322		10		
519		24		416		0		3605		3748		10		
520		124		442		30		994		1125		10		
521		148		202		20		3843		3999		10		
522		3		401		30		2342		2368		10		
523		175		301		0		3926		3944		10		
524		174		126		40		1284		1489		10		
525		245		400		20		6096		6323		10		
526		186		8		40		2259		2273		10		
527		410		171		40		2529		2551		10		
528		138		156		30		5317		5423		10		
529		378		155		10		1105		1198		10		
530		129		58		10		6650		6663		10		
531		408		488		10		6167		6353		10		
532		163		139		10		3780		3976		10		
533		56		430		30		4554		4577		10		
534		134		208		20		4587		4610		10		
535		252		32		0		2535		2684		10		
536		3		169		40		6346		6436		10		
537		159		348		10		4366		4494		10		
538		405		160		30		4836		5044		10		
539		343		275		10		3137		3223		10		
540		198		354		20		1787		1839		10		
541		433		313		0		933		1076		10		
542		120		452		40		5142		5227		10		
543		261		266		0		211		340		10		
544		481		188		0		6930		7100		10		
545		214		156		30		2287		2511		10		
546		382		214		40		2231		2254		10		
547		195		61		30		2040		2112		10		
548		231		161		20		1918		2027		10		
549		276		102		0		4984		4998		10		
550		98		258		30		7003		7024		10		
551		388		276		30		543		763		10		
552		127		100		10		5760		5797		10		
553		386		94		10		419		507		10		
554		189		167		30		3101		3235		10		
555		316		64		0		1434		1462		10		
556		33		216		10		3589		3776		10		
557		177		221		40		4998		5181		10		
558		80		497		20		2594		2771		10		
559		230		56		10		1307		1485		10		
560		292		366		20		4180		4215		10		
561		374		159		20		2736		2813		10		
562		207		411		30		854		893		10		
563		417		104		0		1980		2132		10		
564		236		3		40		1881		1981		10		
565		184		29		30		5132		5278		10		
566		71		362		10		5838		5864		10		
567		10		324		20		691		795		10		
568		122		406		10		6219		6240		10		
569		425		412		20		5551		5704		10		
570		176		384		0		2475		2499		10		
571		428		330		20		3830		4060		10		
572		423		472		30		643		703		10		
573		323		275		40		7446		7599		10		
574		381		231		20		3805		4016		10		
575		33		121		30		3646		3760		10		
576		159		138		0		1379		1493		10		
577		281		370		40		4115		4231		10		
578		255		11		0		5515		5721		10		
579		393		106		30		1786		1798		10		
580		486		95		0		5854		5927		10		
581		87		44		0		5995		6038		10		
582		103		135		10		2153		2282		10		
583		384		248		30		1442		1571		10		
584		389		278		10		5320		5338		10		
585		255		411		10		5429		5647		10		
586		386		237		30		4840		4890		10		
587		198		51		20		895		922		10		
588		317		395		0		3082		3177		10		
589		257		459		0		5376		5410		10		
590		387		5		10		3954		4018		10		
591		195		496		10		2034		2058		10		
592		392		284		40		6785		6881		10		
593		481		415		20		2062		2198		10		
594		477		42		0		3873		3973		10		
595		176		96		0		7187		7267		10		
596		471		311		30		3846		3945		10		
597		208		406		40		3763		3953		10		
598		233		318		0		467		489		10		
599		45		331		30		6781		6929		10		
600		150		412		10		3465		3585		10		
601		326		92		20		1887		1900		10		
602		101		175		10		4921		4931		10		
603		401		219		0		5428		5541		10		
604		32		440		20		7098		7290		10		
605		160		80		10		2416		2647		10		
606		204		7		30		1310		1541		10		
607		350		66		40		5523		5591		10		
608		302		305		20		2834		3022		10		
609		406		35		0		2108		2240		10		
610		446		428		30		2389		2464		10		
611		279		357		30		3306		3334		10		
612		380		447		0		3477		3695		10		
613		0		261		10		6535		6590		10		
614		107		177		20		188		276		10		
615		260		343		20		2526		2745		10		
616		104		232		20		3252		3319		10		
617		8		296		30		3606		3795		10		
618		167		280		0		4968		5092		10		
619		273		230		40		2259		2288		10		
620		237		106		0		727		807		10		
621		228		42		10		1662		1753		10		
622		35		213		20		5247		5462		10		
623		90		276		10		736		898		10		
624		335		226		30		1056		1236		10		
625		268		306		0		407		639		10		
626		491		441		0		7263		7365		10		
627		48		307		20		2133		2311		10		
628		420		322		0		1111		1293		10		
629		430		142		40		3584		3671		10		
630		381		309		10		4485		4599		10		
631		358		384		40		5537		5741		10		
632		278		457		40		4747		4915		10		
633		50		43		20		6366		6512		10		
634		443		415		10		3323		3559		10		
635		306		221		0		2858		3033		10		
636		338		215		20		5007		5171		10		
637		351		425		10		1810		1895		10		
638		277		237		40		412		598		10		
639		338		139		30		3427		3484		10		
640		391		65		20		3122		3224		10		
641		13		141		0		2006		2021		10		
642		328		191		0		4129		4159		10		
643		220		151		40		2997		3069		10		
644		106		485		0		5905		6000		10		
645		334		69		40		7377		7475		10		
646		105		407		20		5606		5805		10		
647		28		127		0		4025		4249		10		
648		285		230		40		1940		1980		10		
649		414		67		30		332		505		10		
650		469		386		20		5553		5565		10		
651		442		183		20		1698		1864		10		
652		314		464		40		380		443		10		
653		116		263		0		3756		3875		10		
654		17		268		10		1529		1676		10		
655		316		215		30		6010		6201		10		
656		21		245		30		1260		1406		10		
657		376		190		10		207		268		10		
658		11		428		10		5924		6115		10		
659		143		477		0		1534		1750		10		
660		206		341		10		3814		3864		10		
661		333		46		20		381		489		10		
662		139		104		20		4888		4931		10		
663		449		341		0		514		564		10		
664		462		297		40		3441		3466		10		
665		397		202		40		6053		6195		10		
666		491		357		10		4626		4646		10		
667		203		89		30		4084		4204		10		
668		73		202		0		2405		2637		10		
669		154		321		10		5259		5484		10		
670		316		476		0		2380		2418		10		
671		427		400		20		800		923		10		
672		465		333		10		4725		4936		10		
673		28		477		10		558		726		10		
674		330		73		10		3388		3436		10		
675		283		139		10		4369		4390		10		
676		240		157		30		1022		1226		10		
677		309		26		40		1128		1153		10		
678		179		378		20		2533		2659		10		
679		182		197		20		944		1173		10		
680		427		121		30		5339		5505		10		
681		10		260		0		4440		4641		10		
682		175		107		30		6395		6527		10		
683		239		153		40		2217		2394		10		
684		60		91		30		6187		6401		10		
685		196		103		0		3598		3647		10		
686		363		451		40		2632		2663		10		
687		450		53		20		2447		2505		10		
688		391		338		40		5915		6062		10		
689		227		319		30		877		891		10		
690		427		455		40		6121		6130		10		
691		152		498		30		5829		5897		10		
692		430		458		10		7090		7255		10		
693		281		359		0		4814		5045		10		
694		407		70		40		3581		3594		10		
695		337		76		10		5573		5614		10		
696		447		452		40		7035		7044		10		
697		332		99		40		2378		2458		10		
698		260		410		40		2211		2309		10		
699		112		131		10		4103		4138		10		
700		383		133		20		1880		1912		10		
701		67		39		40		2118		2308		10		
702		400		238		0		2565		2786		10		
703		43		435		30		2461		2655		10		
704		397		18		20		2636		2699		10		
705		241		244		20		3517		3566		10		
706		496		355		10		4730		4742		10		
707		441		430		20		6466		6655		10		
708		127		407		0		1642		1684		10		
709		174		230		10		2669		2733		10		
710		209		476		20		1196		1265		10		
711		146		77		0		7332		7428		10		
712		115		71		30		993		1133		10		
713		19		321		0		3344		3395		10		
714		217		19		10		4421		4605		10		
715		470		0		40		1232		1391		10		
716		159		372		40		6043		6263		10		
717		168		453		10		407		550		10		
718		335		341		40		2169		2275		10		
719		180		357		0		4246		4343		10		
720		361		12		20		1494		1584		10		
721		219		440		10		4895		4995		10		
722		346		14		20		3229		3302		10		
723		339		131		30		1791		2001		10		
724		91		413		0		6053		6253		10		
725		216		423		20		4981		5062		10		
726		435		125		20		5924		6119		10		
727		375		410		20		4095		4266		10		
728		362		30		0		6162		6181		10		
729		467		252		40		1069		1189		10		
730		426		466		30		2004		2073		10		
731		296		286		20		4477		4711		10		
732		133		325		10		4023		4155		10		
733		335		380		0		5447		5606		10		
734		231		431		20		3650		3769		10		
735		168		479		0		2883		2903		10		
736		269		44		10		7384		7446		10		
737		76		498		10		2892		3064		10		
738		5		315		0		6775		6869		10		
739		363		35		10		2500		2712		10		
740		145		284		30		4954		4966		10		
741		85		304		40		4178		4355		10		
742		13		164		0		680		702		10		
743		194		430		40		4429		4661		10		
744		105		63		40		1478		1617		10		
745		192		115		20		2901		3100		10		
746		440		323		40		6728		6839		10		
747		241		325		40		2400		2526		10		
748		371		2		20		6493		6720		10		
749		341		430		10		3301		3354		10		
750		233		37		10		4968		5100		10		
751		305		193		40		6783		7019		10		
752		311		108		10		5475		5671		10		
753		175		346		10		784		984		10		
754		71		294		10		3156		3263		10		
755		405		107		20		1832		1888		10		
756		20		54		40		2915		2963		10		
757		149		293		30		7060		7271		10		
758		82		385		30		1416		1428		10		
759		310		158		30		6245		6412		10		
760		425		263		0		4304		4447		10		
761		115		361		0		6169		6286		10		
762		37		363		10		6615		6807		10		
763		474		398		20		1144		1177		10		
764		53		45		40		942		970		10		
765		118		350		0		5004		5137		10		
766		188		178		10		7379		7458		10		
767		16		378		40		2571		2787		10		
768		375		368		10		5381		5479		10		
769		424		396		10		1715		1765		10		
770		329		437		0		5114		5230		10		
771		22		95		30		4637		4835		10		
772		411		429		0		1613		1723		10		
773		34		360		30		707		858		10		
774		152		148		40		6874		6932		10		
775		163		312		20		5853		6090		10		
776		138		437		10		6789		6919		10		
777		10		440		30		4207		4221		10		
778		159		180		0		7079		7124		10		
779		268		107		10		6959		7194		10		
780		251		441		40		4470		4550		10		
781		268		82		20		500		709		10		
782		248		316		10		6930		7105		10		
783		108		71		30		4823		4914		10		
784		71		453		40		3904		4084		10		
785		337		5		0		3124		3252		10		
786		100		71		30		3585		3686		10		
787		60		163		40		4115		4282		10		
788		495		193		0		6932		6968		10		
789		419		86		0		1453		1598		10		
790		474		447		40		5867		6015		10		
791		326		413		0		6000		6073		10		
792		77		457		30		4919		4941		10		
793		219		236		10		676		767		10		
794		238		157		30		7228		7327		10		
795		19		266		30		4872		5066		10		
796		351		143		40		5586		5814		10		
797		303		180		0		3866		3930		10		
798		457		463		20		4590		4654		10		
799		369		256		40		5770		5848		10		
800		438		392		30		1021		1209		10		
801		354		395		0		1601		1689		10		
802		237		69		40		3752		3868		10		
803		364		265		10		3835		4052		10		
804		240		475		40		2176		2311		10		
805		405		253		40		1471		1574		10		
806		385		208		10		3162		3263		10		
807		80		436		0		3469		3636		10		
808		149		43		10		2547		2612		10		
809		367		350		0		6311		6468		10		
810		169		7		0		534		714		10		
811		156		130		10		7403		7490		10		
812		447		472		30		4549		4760		10		
813		497		457		0		5141		5232		10		
814		141		448		40		2215		2256		10		
815		382		366		20		2236		2386		10		
816		419		209		20		4084		4110		10		
817		221		8		40		5899		6013		10		
818		447		496		40		4807		4868		10		
819		366		227		0		508		549		10		
820		7		233		20		361		468		10		
821		189		182		20		4232		4280		10		
822		129		273		30		4787		4873		10		
823		96		275		20		5004		5052		10		
824		38		492		30		6898		7053		10		
825		106		272		10		7337		7356		10		
826		67		485		20		1186		1319		10		
827		195		127		20		5927		6098		10		
828		74		327		0		538		772		10		
829		401		172		0		7063		7152		10		
830		70		240		20		4059		4065		10		
831		93		290		30		4771		4980		10		
832		321		234		20		634		824		10		
833		217		106		20		2820		2912		10		
834		191		66		0		384		402		10		
835		176		19		20		4959		5158		10		
836		477		98		10		6345		6357		10		
837		52		48		20		759		893		10		
838		188		125		40		749		763		10		
839		271		42		0		4504		4545		10		
840		253		17		0		1350		1404		10		
841		74		496		30		5688		5916		10		
842		441		25		10		429		531		10		
843		297		186		30		5000		5037		10		
844		373		52		10		2192		2408		10		
845		424		340		0		4046		4077		10		
846		103		304		10		2547		2674		10		
847		276		346		20		5750		5827		10		
848		211		31		20		354		430		10		
849		371		439		40		6701		6730		10		
850		253		56		10		2760		2806		10		
851		263		106		0		6263		6365		10		
852		139		168		40		4138		4252		10		
853		182		31		0		2536		2692		10		
854		122		452		0		3367		3543		10		
855		294		339		0		5133		5335		10		
856		274		247		10		3860		3912		10		
857		440		104		10		7201		7428		10		
858		21		7		10		5493		5699		10		
859		484		62		40		3141		3297		10		
860		140		454		10		6930		7156		10		
861		130		416		20		5050		5086		10		
862		186		71		20		374		597		10		
863		381		39		30		1210		1362		10		
864		247		482		30		3802		3987		10		
865		14		458		0		5288		5377		10		
866		298		73		30		5940		5965		10		
867		399		395		30		3263		3313		10		
868		177		0		30		2368		2566		10		
869		333		446		10		903		1008		10		
870		430		133		40		2363		2575		10		
871		392		443		20		6933		7124		10		
872		407		119		10		7355		7476		10		
873		42		290		30		5651		5759		10		
874		76		82		10		588		757		10		
875		346		185		30		1218		1273		10		
876		340		432		30		6288		6416		10		
877		239		469		40		293		422		10		
878		290		262		40		5386		5604		10		
879		312		181		0		5023		5039		10		
880		410		12		40		1316		1450		10		
881		292		241		30		6293		6469		10		
882		408		259		20		7319		7465		10		
883		472		105		40		4059		4126		10		
884		479		59		0		7213		7357		10		
885		499		216		20		3393		3508		10		
886		432		352		30		4026		4128		10		
887		384		397		20		7084		7093		10		
888		99		329		20		5859		6050		10		
889		233		353		40		4892		5106		10		
890		187		125		10		4705		4918		10		
891		129		371		20		3407		3547		10		
892		404		467		10		5764		5961		10		
893		224		105		30		201		274		10		
894		410		218		20		3706		3836		10		
895		175		42		20		2243		2405		10		
896		179		267		40		666		705		10		
897		203		345		30		4298		4339		10		
898		121		434		30		436		627		10		
899		39		353		30		5926		6151		10		
900		197		266		20		2366		2468		10		
901		397		377		20		4651		4770		10		
902		200		51		40		1504		1680		10		
903		478		359		0		3838		3957		10		
904		293		137		40		3600		3732		10		
905		406		124		40		7027		7060		10		
906		348		429		40		4789		4982		10		
907		469		408		30		3771		3854		10		
908		49		373		0		2024		2183		10		
909		315		173		0		1247		1411		10		
910		435		395		0		2201		2381		10		
911		82		307		0		4764		4838		10		
912		393		371		30		295		521		10		
913		449		27		20		2513		2660		10		
914		102		157		20		5857		5912		10		
915		316		158		40		5941		6169		10		
916		49		93		0		6703		6787		10		
917		190		442		10		6875		6997		10		
918		257		345		20		5061		5147		10		
919		88		154		20		3054		3190		10		
920		13		182		10		1013		1035		10		
921		121		491		0		898		1067		10		
922		402		224		10		3910		4041		10		
923		135		305		10		6776		6804		10		
924		82		483		20		7011		7119		10		
925		6		314		0		893		959		10		
926		344		453		30		4302		4518		10		
927		468		396		10		3949		3967		10		
928		469		59		20		5852		6040		10		
929		279		337		0		1631		1718		10		
930		275		381		0		5977		6166		10		
931		80		34		10		6679		6692		10		
932		426		471		20		4269		4471		10		
933		362		216		0		6447		6618		10		
934		40		410		10		360		587		10		
935		392		450		40		6235		6296		10		
936		370		279		10		770		947		10		
937		145		472		10		6865		6956		10		
938		173		250		20		7373		7392		10		
939		368		304		20		4641		4780		10		
940		420		156		0		6492		6592		10		
941		79		438		0		1714		1746		10		
942		93		441		0		3074		3299		10		
943		477		175		20		6430		6667		10		
944		126		290		30		6264		6451		10		
945		33		111		30		5909		5992		10		
946		42		394		0		5765		5824		10		
947		464		338		0		4294		4495		10		
948		403		475		20		928		1153		10		
949		215		95		30		6547		6706		10		
950		18		396		40		1596		1828		10		
951		303		85		20		5367		5467		10		
952		371		450		30		6758		6957		10		
953		292		230		0		3894		3903		10		
954		273		69		30		5747		5823		10		
955		2		427		0		808		901		10		
956		395		169		20		3872		3981		10		
957		21		295		30		5507		5626		10		
958		50		457		0		3744		3883		10		
959		51		219		30		4900		5099		10		
960		433		292		40		1451		1671		10		
961		497		471		10		3984		4117		10		
962		344		227		20		1724		1733		10		
963		464		491		40		6162		6379		10		
964		145		474		20		6816		7036		10		
965		474		25		40		5201		5309		10		
966		220		479		30		6076		6298		10		
967		84		216		20		6529		6596		10		
968		284		471		10		588		713		10		
969		103		448		40		314		358		10		
970		408		251		10		5528		5605		10		
971		77		290		0		1284		1340		10		
972		51		382		0		3976		4074		10		
973		197		205		0		6910		7015		10		
974		95		318		0		1178		1398		10		
975		361		299		40		4436		4573		10		
976		280		341		10		5316		5439		10		
977		85		303		20		410		544		10		
978		400		212		10		2800		2925		10		
979		331		123		20		6915		7030		10		
980		347		179		40		1755		1981		10		
981		493		280		30		5391		5569		10		
982		434		342		30		1513		1702		10		
983		391		107		30		4206		4413		10		
984		457		403		30		2027		2158		10		
985		211		173		0		6255		6311		10		
986		349		78		0		6838		7052		10		
987		66		239		0		1942		2127		10		
988		273		314		30		6887		7027		10		
989		206		186		30		4827		4861		10		
990		115		352		40		2162		2365		10		
991		428		402		0		7283		7437		10		
992		449		391		0		5574		5654		10		
993		140		356		30		3452		3641		10		
994		348		173		40		1054		1182		10		
995		333		304		20		1204		1440		10		
996		304		162		20		6275		6370		10		
997		217		195		40		3818		3898		10		
998		107		371		10		3134		3231		10		
999		176		141		10		7006		7183		10		
1000		485		271		20		7255		7383		10		
