RC2_10_14

VEHICLE
NUMBER     CAPACITY
250	1000

CUSTOMER
CUST NO.	XCOORD.	YCOORD.	DEMAND	READY TIME	DUE DATE	SERVICE TIME

0		250		250		0		0		7284		0		
1		499		152		0		5856		5976		10		
2		121		433		30		524		644		10		
3		214		457		40		1851		1971		10		
4		162		152		0		4323		4443		10		
5		316		220		40		2145		2265		10		
6		136		390		0		6122		6242		10		
7		464		323		0		6444		6564		10		
8		85		147		10		6840		6960		10		
9		75		388		40		3019		3139		10		
10		455		55		10		5167		5287		10		
11		460		72		20		5322		5442		10		
12		289		231		20		3228		3348		10		
13		383		338		0		3486		3606		10		
14		287		319		30		1221		1341		10		
15		140		464		0		3450		3570		10		
16		436		45		0		1187		1307		10		
17		392		435		40		786		906		10		
18		1		51		20		3944		4064		10		
19		106		227		40		2661		2781		10		
20		297		237		30		6213		6333		10		
21		268		415		40		4908		5028		10		
22		202		44		30		1183		1303		10		
23		179		483		40		2588		2708		10		
24		250		465		30		4436		4556		10		
25		425		337		40		2040		2160		10		
26		167		408		0		5306		5426		10		
27		352		473		20		599		719		10		
28		377		220		30		985		1105		10		
29		86		476		40		635		755		10		
30		376		188		40		4380		4500		10		
31		231		19		20		5620		5740		10		
32		140		380		0		2437		2557		10		
33		104		434		40		1533		1653		10		
34		7		365		20		3515		3635		10		
35		352		380		30		4785		4905		10		
36		413		260		20		6325		6445		10		
37		174		365		30		3247		3367		10		
38		123		493		30		1364		1484		10		
39		3		269		30		5869		5989		10		
40		321		211		30		6962		7082		10		
41		396		13		40		6250		6370		10		
42		309		230		30		2062		2182		10		
43		245		69		0		4393		4513		10		
44		167		277		10		4751		4871		10		
45		369		232		30		778		898		10		
46		488		167		40		2579		2699		10		
47		315		399		10		5746		5866		10		
48		238		82		20		2570		2690		10		
49		219		1		0		4995		5115		10		
50		115		97		30		6416		6536		10		
51		172		55		40		3656		3776		10		
52		34		48		0		4203		4323		10		
53		441		224		20		3212		3332		10		
54		143		229		20		2887		3007		10		
55		171		285		20		5408		5528		10		
56		68		247		40		1995		2115		10		
57		106		349		20		6412		6532		10		
58		153		441		30		4816		4936		10		
59		390		230		20		1671		1791		10		
60		452		296		0		289		409		10		
61		58		27		20		2543		2663		10		
62		186		370		40		6797		6917		10		
63		99		139		0		583		703		10		
64		339		123		10		633		753		10		
65		175		499		10		1106		1226		10		
66		133		330		30		4962		5082		10		
67		376		376		20		2771		2891		10		
68		133		480		10		2945		3065		10		
69		206		453		0		1170		1290		10		
70		125		438		10		1897		2017		10		
71		286		252		20		2862		2982		10		
72		42		141		20		3658		3778		10		
73		146		107		20		742		862		10		
74		383		451		10		2437		2557		10		
75		434		369		40		5131		5251		10		
76		427		170		0		315		435		10		
77		361		405		30		2646		2766		10		
78		191		449		0		6348		6468		10		
79		364		50		30		1316		1436		10		
80		50		293		10		4028		4148		10		
81		306		224		30		4537		4657		10		
82		69		21		40		6175		6295		10		
83		185		264		30		1485		1605		10		
84		133		64		40		2047		2167		10		
85		287		63		20		1531		1651		10		
86		478		446		40		3195		3315		10		
87		299		104		40		3616		3736		10		
88		238		449		10		6202		6322		10		
89		64		437		40		1943		2063		10		
90		236		486		0		2282		2402		10		
91		324		149		0		2411		2531		10		
92		345		443		0		5426		5546		10		
93		81		249		10		4623		4743		10		
94		381		131		20		2411		2531		10		
95		398		324		10		6807		6927		10		
96		498		285		20		5120		5240		10		
97		207		117		10		597		717		10		
98		64		465		0		2664		2784		10		
99		235		73		0		356		476		10		
100		133		5		20		6326		6446		10		
101		434		232		40		1943		2063		10		
102		53		163		40		1815		1935		10		
103		62		216		0		1438		1558		10		
104		9		216		20		1577		1697		10		
105		27		105		0		3344		3464		10		
106		268		317		40		3264		3384		10		
107		174		154		20		6681		6801		10		
108		72		101		40		1199		1319		10		
109		251		348		30		4206		4326		10		
110		101		399		30		1230		1350		10		
111		496		439		40		2263		2383		10		
112		459		19		40		1748		1868		10		
113		304		68		20		6400		6520		10		
114		496		377		0		3181		3301		10		
115		327		173		0		3694		3814		10		
116		87		354		10		2660		2780		10		
117		259		485		0		2189		2309		10		
118		217		464		30		3353		3473		10		
119		102		213		20		1820		1940		10		
120		370		93		20		4606		4726		10		
121		252		497		30		1334		1454		10		
122		470		156		20		4688		4808		10		
123		38		147		30		6300		6420		10		
124		248		333		0		6829		6949		10		
125		377		113		10		6821		6941		10		
126		138		11		20		5609		5729		10		
127		77		426		10		3090		3210		10		
128		338		6		40		3923		4043		10		
129		262		376		0		6524		6644		10		
130		323		77		0		4492		4612		10		
131		422		161		40		1128		1248		10		
132		366		117		20		5862		5982		10		
133		416		166		30		4971		5091		10		
134		105		48		0		3565		3685		10		
135		235		493		40		3702		3822		10		
136		431		102		20		4605		4725		10		
137		461		117		20		1828		1948		10		
138		167		461		10		5439		5559		10		
139		369		34		40		1588		1708		10		
140		17		439		0		2693		2813		10		
141		33		466		20		1599		1719		10		
142		479		45		0		1614		1734		10		
143		310		388		10		865		985		10		
144		419		171		30		5188		5308		10		
145		288		38		30		3084		3204		10		
146		253		404		20		546		666		10		
147		399		259		40		3898		4018		10		
148		189		281		40		2470		2590		10		
149		286		198		40		2616		2736		10		
150		133		44		30		1475		1595		10		
151		235		111		10		1561		1681		10		
152		183		374		20		2832		2952		10		
153		497		170		20		2076		2196		10		
154		273		186		20		442		562		10		
155		30		80		40		6135		6255		10		
156		201		347		20		6720		6840		10		
157		158		340		20		3299		3419		10		
158		452		14		0		2337		2457		10		
159		14		456		20		1230		1350		10		
160		55		252		20		4949		5069		10		
161		274		111		0		3620		3740		10		
162		97		1		10		4546		4666		10		
163		110		234		0		5510		5630		10		
164		222		443		10		2647		2767		10		
165		20		14		20		1756		1876		10		
166		66		460		10		6353		6473		10		
167		321		316		0		1290		1410		10		
168		51		352		40		4439		4559		10		
169		380		16		40		4793		4913		10		
170		4		109		40		3878		3998		10		
171		408		472		0		4289		4409		10		
172		214		49		10		429		549		10		
173		109		25		10		480		600		10		
174		418		30		0		4632		4752		10		
175		258		251		0		3062		3182		10		
176		336		159		40		5218		5338		10		
177		303		190		10		691		811		10		
178		447		83		30		1093		1213		10		
179		16		88		20		6490		6610		10		
180		276		184		10		3654		3774		10		
181		190		326		40		6320		6440		10		
182		354		122		10		1152		1272		10		
183		274		423		20		2967		3087		10		
184		271		259		20		2263		2383		10		
185		471		193		10		3108		3228		10		
186		66		299		20		265		385		10		
187		109		175		30		4184		4304		10		
188		189		132		0		3247		3367		10		
189		240		220		30		6281		6401		10		
190		301		255		40		6508		6628		10		
191		380		418		30		2327		2447		10		
192		477		303		0		1580		1700		10		
193		357		385		10		2243		2363		10		
194		293		337		40		4625		4745		10		
195		32		345		10		3432		3552		10		
196		113		75		20		1120		1240		10		
197		253		61		0		4114		4234		10		
198		198		226		10		3560		3680		10		
199		119		34		40		6838		6958		10		
200		55		325		30		1309		1429		10		
201		232		268		0		4494		4614		10		
202		311		339		20		6351		6471		10		
203		484		233		20		3251		3371		10		
204		87		106		30		6159		6279		10		
205		180		437		10		4974		5094		10		
206		133		278		10		214		334		10		
207		258		456		20		3762		3882		10		
208		126		204		40		2962		3082		10		
209		31		315		0		4370		4490		10		
210		264		389		40		6177		6297		10		
211		255		412		40		408		528		10		
212		209		76		40		3171		3291		10		
213		487		434		10		859		979		10		
214		489		69		40		5189		5309		10		
215		274		5		40		6057		6177		10		
216		481		450		30		989		1109		10		
217		46		359		20		6474		6594		10		
218		135		197		10		4686		4806		10		
219		345		145		10		1267		1387		10		
220		86		329		0		6396		6516		10		
221		228		254		40		4243		4363		10		
222		217		445		40		4505		4625		10		
223		327		386		40		4470		4590		10		
224		369		472		10		6885		7005		10		
225		249		148		0		2968		3088		10		
226		16		99		0		1377		1497		10		
227		189		104		20		3986		4106		10		
228		34		288		30		656		776		10		
229		468		205		40		6617		6737		10		
230		441		22		40		3721		3841		10		
231		132		109		20		2402		2522		10		
232		447		105		40		2651		2771		10		
233		449		202		30		1599		1719		10		
234		326		378		0		2805		2925		10		
235		145		39		10		5371		5491		10		
236		417		13		0		2648		2768		10		
237		177		169		40		1908		2028		10		
238		456		191		10		3188		3308		10		
239		361		154		20		506		626		10		
240		52		437		0		424		544		10		
241		92		75		40		4703		4823		10		
242		388		58		10		6487		6607		10		
243		447		201		20		2498		2618		10		
244		479		173		10		732		852		10		
245		129		482		40		652		772		10		
246		202		322		20		2650		2770		10		
247		26		307		0		4991		5111		10		
248		494		431		30		6497		6617		10		
249		16		212		10		5759		5879		10		
250		447		362		30		5993		6113		10		
251		282		216		30		1834		1954		10		
252		127		406		0		3416		3536		10		
253		159		95		40		3945		4065		10		
254		139		164		10		3694		3814		10		
255		362		302		20		4344		4464		10		
256		405		400		40		4527		4647		10		
257		326		423		40		3830		3950		10		
258		404		191		10		5206		5326		10		
259		425		181		40		5577		5697		10		
260		329		432		30		2705		2825		10		
261		427		416		10		5096		5216		10		
262		230		205		30		1539		1659		10		
263		391		236		0		6629		6749		10		
264		327		468		40		2837		2957		10		
265		431		140		0		3507		3627		10		
266		268		351		40		2488		2608		10		
267		113		439		10		4821		4941		10		
268		374		369		0		2674		2794		10		
269		291		353		10		4084		4204		10		
270		265		425		30		5847		5967		10		
271		100		209		20		3416		3536		10		
272		198		482		40		1033		1153		10		
273		175		164		20		5332		5452		10		
274		33		144		10		5578		5698		10		
275		250		335		30		4237		4357		10		
276		254		284		0		6925		7045		10		
277		453		320		10		4819		4939		10		
278		150		0		30		1882		2002		10		
279		146		196		20		2037		2157		10		
280		311		375		40		6807		6927		10		
281		43		81		20		4721		4841		10		
282		267		285		0		6810		6930		10		
283		456		395		0		952		1072		10		
284		137		368		40		3070		3190		10		
285		419		362		10		6859		6979		10		
286		95		82		10		5677		5797		10		
287		483		273		20		1675		1795		10		
288		339		152		0		4950		5070		10		
289		242		422		30		776		896		10		
290		109		470		40		6275		6395		10		
291		218		157		40		6388		6508		10		
292		351		118		0		2545		2665		10		
293		227		430		30		1809		1929		10		
294		422		32		30		1701		1821		10		
295		336		197		20		5940		6060		10		
296		2		214		10		1060		1180		10		
297		99		416		10		1746		1866		10		
298		355		244		10		699		819		10		
299		458		91		0		4292		4412		10		
300		202		438		10		5410		5530		10		
301		123		339		30		3467		3587		10		
302		435		244		20		375		495		10		
303		148		204		10		282		402		10		
304		464		407		10		2008		2128		10		
305		444		189		30		5335		5455		10		
306		43		12		40		6155		6275		10		
307		184		70		20		3969		4089		10		
308		140		289		40		6118		6238		10		
309		56		294		0		6036		6156		10		
310		489		226		10		4366		4486		10		
311		227		373		10		4409		4529		10		
312		210		201		0		5886		6006		10		
313		244		264		30		2229		2349		10		
314		211		249		30		3957		4077		10		
315		36		220		10		6183		6303		10		
316		267		223		20		2584		2704		10		
317		189		139		10		4070		4190		10		
318		189		388		0		2486		2606		10		
319		476		41		10		1937		2057		10		
320		78		34		40		404		524		10		
321		490		202		30		3444		3564		10		
322		326		71		0		6384		6504		10		
323		61		415		0		3512		3632		10		
324		33		121		30		2228		2348		10		
325		216		207		20		6518		6638		10		
326		213		465		30		2652		2772		10		
327		134		481		20		1652		1772		10		
328		212		157		40		2169		2289		10		
329		446		424		0		3594		3714		10		
330		296		479		30		5120		5240		10		
331		173		96		20		985		1105		10		
332		127		263		20		374		494		10		
333		491		118		10		5432		5552		10		
334		253		345		10		1760		1880		10		
335		144		174		30		6273		6393		10		
336		105		167		40		2254		2374		10		
337		19		296		30		3637		3757		10		
338		372		304		10		1771		1891		10		
339		464		111		0		3947		4067		10		
340		320		446		30		5167		5287		10		
341		243		97		30		5268		5388		10		
342		426		236		10		2624		2744		10		
343		144		235		0		306		426		10		
344		450		277		20		1804		1924		10		
345		444		32		30		5336		5456		10		
346		106		122		0		1253		1373		10		
347		380		285		30		5325		5445		10		
348		409		351		40		5124		5244		10		
349		85		267		10		4451		4571		10		
350		456		329		10		1685		1805		10		
351		169		339		20		1840		1960		10		
352		278		311		40		4965		5085		10		
353		342		266		20		279		399		10		
354		477		235		20		1775		1895		10		
355		252		345		0		3573		3693		10		
356		389		267		40		3130		3250		10		
357		165		7		40		2694		2814		10		
358		162		21		10		2692		2812		10		
359		179		346		20		5594		5714		10		
360		333		398		0		2878		2998		10		
361		298		15		40		6603		6723		10		
362		337		199		10		1499		1619		10		
363		453		18		20		3600		3720		10		
364		338		266		0		5861		5981		10		
365		490		354		10		5496		5616		10		
366		347		280		30		3842		3962		10		
367		429		270		0		2669		2789		10		
368		362		275		40		1101		1221		10		
369		393		233		40		5620		5740		10		
370		68		434		40		724		844		10		
371		11		79		40		3962		4082		10		
372		241		441		30		3989		4109		10		
373		358		388		20		3997		4117		10		
374		404		47		40		4902		5022		10		
375		230		492		30		727		847		10		
376		43		214		20		1788		1908		10		
377		319		124		30		6904		7024		10		
378		297		12		10		3970		4090		10		
379		229		259		0		4102		4222		10		
380		14		180		20		5010		5130		10		
381		468		340		20		744		864		10		
382		480		436		40		5190		5310		10		
383		346		474		40		1758		1878		10		
384		99		186		10		4835		4955		10		
385		325		296		40		6755		6875		10		
386		191		204		20		5996		6116		10		
387		256		297		30		3250		3370		10		
388		81		466		30		2115		2235		10		
389		139		451		0		1305		1425		10		
390		84		123		20		4481		4601		10		
391		439		43		30		3361		3481		10		
392		231		66		40		5182		5302		10		
393		281		54		10		4337		4457		10		
394		343		47		30		3128		3248		10		
395		309		37		30		482		602		10		
396		450		169		40		4836		4956		10		
397		374		40		0		1450		1570		10		
398		13		86		40		5734		5854		10		
399		169		497		20		5123		5243		10		
400		125		330		30		3442		3562		10		
401		18		258		10		640		760		10		
402		0		161		20		2051		2171		10		
403		203		444		40		6863		6983		10		
404		288		121		30		175		295		10		
405		421		232		20		4945		5065		10		
406		300		414		10		2247		2367		10		
407		382		213		20		4473		4593		10		
408		158		395		30		2652		2772		10		
409		276		258		30		4549		4669		10		
410		358		252		10		4808		4928		10		
411		66		324		10		933		1053		10		
412		187		359		10		3114		3234		10		
413		416		165		40		6705		6825		10		
414		85		130		40		306		426		10		
415		125		198		30		774		894		10		
416		29		22		20		2398		2518		10		
417		276		308		0		1254		1374		10		
418		371		187		40		3468		3588		10		
419		330		313		40		2618		2738		10		
420		453		461		20		3384		3504		10		
421		81		51		40		6057		6177		10		
422		266		344		30		3363		3483		10		
423		458		158		10		4370		4490		10		
424		417		176		10		5089		5209		10		
425		108		400		30		1309		1429		10		
426		248		213		40		1184		1304		10		
427		125		327		30		1017		1137		10		
428		62		315		40		2693		2813		10		
429		314		127		0		283		403		10		
430		469		212		10		1073		1193		10		
431		229		10		0		6016		6136		10		
432		189		364		30		448		568		10		
433		83		193		10		2882		3002		10		
434		222		31		10		4774		4894		10		
435		393		305		40		5276		5396		10		
436		472		464		30		6768		6888		10		
437		378		185		30		389		509		10		
438		65		132		30		1080		1200		10		
439		436		350		10		5402		5522		10		
440		326		246		0		2807		2927		10		
441		89		179		10		2136		2256		10		
442		84		394		0		3720		3840		10		
443		187		373		30		5895		6015		10		
444		165		115		40		3005		3125		10		
445		427		256		20		5285		5405		10		
446		257		302		10		5273		5393		10		
447		449		402		40		2876		2996		10		
448		357		63		40		4224		4344		10		
449		476		316		30		2437		2557		10		
450		154		151		0		2737		2857		10		
451		178		265		10		5925		6045		10		
452		478		116		40		6739		6859		10		
453		446		403		10		2979		3099		10		
454		15		383		40		3045		3165		10		
455		148		109		30		6213		6333		10		
456		138		79		30		3943		4063		10		
457		420		185		40		5548		5668		10		
458		381		158		10		2017		2137		10		
459		157		90		10		6703		6823		10		
460		398		115		40		715		835		10		
461		261		373		10		4516		4636		10		
462		225		158		30		3643		3763		10		
463		41		396		30		6312		6432		10		
464		362		104		0		4513		4633		10		
465		61		334		10		4149		4269		10		
466		95		33		40		5835		5955		10		
467		50		470		30		1985		2105		10		
468		93		104		40		6761		6881		10		
469		444		381		0		2076		2196		10		
470		281		295		0		5646		5766		10		
471		228		208		20		4267		4387		10		
472		395		101		0		412		532		10		
473		257		337		20		6781		6901		10		
474		93		370		10		6521		6641		10		
475		434		166		0		1677		1797		10		
476		478		4		20		3539		3659		10		
477		243		157		10		6468		6588		10		
478		133		100		20		6518		6638		10		
479		240		291		20		571		691		10		
480		153		81		30		4363		4483		10		
481		211		256		30		2970		3090		10		
482		109		60		30		2591		2711		10		
483		361		462		20		1948		2068		10		
484		363		327		40		1497		1617		10		
485		467		329		30		6371		6491		10		
486		159		464		20		671		791		10		
487		271		93		40		528		648		10		
488		429		131		30		1422		1542		10		
489		18		58		40		5036		5156		10		
490		453		35		20		2615		2735		10		
491		436		474		0		1138		1258		10		
492		277		235		20		6390		6510		10		
493		341		377		0		1111		1231		10		
494		321		277		0		5622		5742		10		
495		311		65		30		2302		2422		10		
496		393		37		30		3164		3284		10		
497		105		160		0		2342		2462		10		
498		90		379		40		4614		4734		10		
499		90		331		10		3332		3452		10		
500		264		416		10		4609		4729		10		
501		150		383		20		2028		2148		10		
502		133		133		10		685		805		10		
503		426		317		20		2443		2563		10		
504		438		320		0		3608		3728		10		
505		68		129		10		3821		3941		10		
506		152		427		0		5822		5942		10		
507		349		202		30		3129		3249		10		
508		273		307		20		6248		6368		10		
509		93		465		30		1298		1418		10		
510		254		397		20		4157		4277		10		
511		126		450		40		6212		6332		10		
512		153		382		10		1386		1506		10		
513		483		194		10		2005		2125		10		
514		3		293		30		2912		3032		10		
515		264		78		40		4848		4968		10		
516		212		20		30		2362		2482		10		
517		320		221		10		5180		5300		10		
518		199		25		20		1694		1814		10		
519		463		98		20		1043		1163		10		
520		447		49		20		6629		6749		10		
521		477		89		20		6738		6858		10		
522		188		58		30		3597		3717		10		
523		246		33		40		4747		4867		10		
524		281		428		0		6772		6892		10		
525		115		482		20		5150		5270		10		
526		412		36		40		5489		5609		10		
527		400		350		0		1129		1249		10		
528		13		376		30		2098		2218		10		
529		439		272		0		3835		3955		10		
530		110		390		40		2411		2531		10		
531		269		319		40		3080		3200		10		
532		311		243		20		6433		6553		10		
533		72		142		20		3844		3964		10		
534		191		458		30		3521		3641		10		
535		396		172		20		6698		6818		10		
536		322		371		0		1336		1456		10		
537		16		31		10		1566		1686		10		
538		21		292		0		478		598		10		
539		128		450		0		2769		2889		10		
540		15		27		20		5630		5750		10		
541		391		344		40		6848		6968		10		
542		311		377		20		1787		1907		10		
543		387		213		0		3640		3760		10		
544		313		248		20		3575		3695		10		
545		141		153		30		3938		4058		10		
546		450		44		0		3493		3613		10		
547		297		240		0		6285		6405		10		
548		420		424		40		3662		3782		10		
549		132		139		10		224		344		10		
550		445		322		0		5477		5597		10		
551		334		191		0		5371		5491		10		
552		260		256		40		2064		2184		10		
553		204		7		40		398		518		10		
554		195		260		10		5505		5625		10		
555		433		67		30		2931		3051		10		
556		491		139		30		3240		3360		10		
557		352		192		30		5834		5954		10		
558		211		110		30		1097		1217		10		
559		424		335		0		6919		7039		10		
560		237		443		30		1842		1962		10		
561		23		252		30		3127		3247		10		
562		202		2		0		3680		3800		10		
563		228		68		0		774		894		10		
564		494		134		20		5553		5673		10		
565		219		37		10		3207		3327		10		
566		289		211		40		3654		3774		10		
567		123		453		40		4693		4813		10		
568		313		214		0		109		229		10		
569		224		446		0		1523		1643		10		
570		241		66		0		1147		1267		10		
571		398		350		10		820		940		10		
572		385		243		20		3869		3989		10		
573		107		419		30		1024		1144		10		
574		189		297		0		848		968		10		
575		152		461		20		3327		3447		10		
576		125		351		40		1831		1951		10		
577		134		359		40		3075		3195		10		
578		276		236		0		940		1060		10		
579		134		414		20		1129		1249		10		
580		290		373		40		833		953		10		
581		467		322		30		889		1009		10		
582		91		488		20		3068		3188		10		
583		403		409		40		4589		4709		10		
584		62		126		40		6598		6718		10		
585		434		50		40		6769		6889		10		
586		499		127		10		6159		6279		10		
587		100		430		20		1451		1571		10		
588		165		356		30		3551		3671		10		
589		443		311		0		5351		5471		10		
590		499		179		20		6145		6265		10		
591		221		44		40		3562		3682		10		
592		267		408		10		2122		2242		10		
593		255		23		40		899		1019		10		
594		323		391		20		6426		6546		10		
595		270		394		30		3788		3908		10		
596		431		61		0		2660		2780		10		
597		472		43		0		4992		5112		10		
598		402		321		40		6738		6858		10		
599		168		382		0		962		1082		10		
600		78		444		20		2823		2943		10		
601		429		65		20		3280		3400		10		
602		394		32		0		1537		1657		10		
603		88		370		30		3245		3365		10		
604		142		393		0		4700		4820		10		
605		346		190		20		3852		3972		10		
606		240		69		40		6060		6180		10		
607		97		363		10		3819		3939		10		
608		429		244		0		702		822		10		
609		115		388		20		6690		6810		10		
610		350		210		0		390		510		10		
611		401		451		40		1198		1318		10		
612		298		331		0		2893		3013		10		
613		93		150		40		4324		4444		10		
614		172		366		0		3217		3337		10		
615		10		36		0		4413		4533		10		
616		51		377		10		4821		4941		10		
617		231		8		10		412		532		10		
618		243		415		10		1730		1850		10		
619		367		176		30		5422		5542		10		
620		168		455		0		2534		2654		10		
621		29		47		20		891		1011		10		
622		102		447		10		5213		5333		10		
623		158		391		10		2285		2405		10		
624		245		71		30		6410		6530		10		
625		128		451		0		5674		5794		10		
626		450		93		10		1725		1845		10		
627		91		455		30		4465		4585		10		
628		312		215		20		3102		3222		10		
629		17		25		30		5173		5293		10		
630		164		249		30		4644		4764		10		
631		170		291		30		2723		2843		10		
632		6		345		20		5406		5526		10		
633		350		195		30		3478		3598		10		
634		80		410		40		6650		6770		10		
635		317		255		20		1471		1591		10		
636		480		146		30		3122		3242		10		
637		427		258		10		513		633		10		
638		223		58		20		1691		1811		10		
639		445		294		0		1733		1853		10		
640		466		350		20		3734		3854		10		
641		222		488		10		4092		4212		10		
642		401		223		40		6066		6186		10		
643		244		105		30		6994		7114		10		
644		304		422		0		3738		3858		10		
645		457		50		20		1100		1220		10		
646		334		213		40		5458		5578		10		
647		83		254		20		6468		6588		10		
648		238		63		30		4886		5006		10		
649		336		222		0		4884		5004		10		
650		289		233		30		4429		4549		10		
651		313		377		40		5905		6025		10		
652		299		371		10		3675		3795		10		
653		474		58		30		4782		4902		10		
654		230		458		40		3665		3785		10		
655		174		24		40		1861		1981		10		
656		61		163		40		6912		7032		10		
657		176		149		20		3027		3147		10		
658		290		230		0		2311		2431		10		
659		362		325		0		3472		3592		10		
660		332		236		40		6143		6263		10		
661		125		69		40		2770		2890		10		
662		385		429		10		5643		5763		10		
663		287		224		0		1755		1875		10		
664		456		50		40		356		476		10		
665		418		260		30		1852		1972		10		
666		367		173		20		5479		5599		10		
667		172		471		30		5255		5375		10		
668		181		356		10		2201		2321		10		
669		465		162		30		4431		4551		10		
670		106		121		30		6312		6432		10		
671		150		472		20		1027		1147		10		
672		273		217		10		3523		3643		10		
673		143		126		30		5385		5505		10		
674		282		253		30		844		964		10		
675		357		255		30		1110		1230		10		
676		484		174		30		5592		5712		10		
677		223		492		40		6792		6912		10		
678		444		75		0		6517		6637		10		
679		278		455		10		6817		6937		10		
680		20		50		40		1619		1739		10		
681		248		394		0		541		661		10		
682		365		368		20		5314		5434		10		
683		497		156		40		3971		4091		10		
684		300		247		30		4371		4491		10		
685		308		255		30		5318		5438		10		
686		405		341		10		5015		5135		10		
687		34		357		20		1450		1570		10		
688		4		345		0		1198		1318		10		
689		235		10		10		1254		1374		10		
690		481		56		10		4698		4818		10		
691		274		395		0		2162		2282		10		
692		151		488		10		6297		6417		10		
693		441		328		0		3785		3905		10		
694		193		484		10		749		869		10		
695		24		342		40		2616		2736		10		
696		461		31		0		744		864		10		
697		448		70		40		2253		2373		10		
698		263		477		20		4458		4578		10		
699		313		203		0		5827		5947		10		
700		65		167		0		4924		5044		10		
701		338		398		10		2465		2585		10		
702		212		58		10		5787		5907		10		
703		409		260		10		1799		1919		10		
704		435		74		20		758		878		10		
705		402		416		10		2540		2660		10		
706		430		47		40		2589		2709		10		
707		453		316		40		5869		5989		10		
708		401		461		20		6606		6726		10		
709		310		234		0		4360		4480		10		
710		137		387		20		5351		5471		10		
711		351		254		20		2221		2341		10		
712		284		331		30		969		1089		10		
713		216		46		30		6770		6890		10		
714		328		400		30		4448		4568		10		
715		267		82		30		2649		2769		10		
716		263		442		40		6936		7056		10		
717		375		220		10		2981		3101		10		
718		275		443		30		4260		4380		10		
719		172		400		30		5340		5460		10		
720		106		124		20		5670		5790		10		
721		21		263		40		1450		1570		10		
722		229		21		40		5905		6025		10		
723		401		259		10		5355		5475		10		
724		321		218		0		2959		3079		10		
725		238		21		0		567		687		10		
726		465		186		30		1410		1530		10		
727		159		355		20		2389		2509		10		
728		439		325		30		4915		5035		10		
729		299		228		0		1726		1846		10		
730		388		201		10		5699		5819		10		
731		230		103		30		5417		5537		10		
732		235		79		0		6753		6873		10		
733		288		304		20		6655		6775		10		
734		101		456		0		1003		1123		10		
735		350		205		0		5103		5223		10		
736		85		107		40		2329		2449		10		
737		471		48		0		2885		3005		10		
738		22		250		30		2624		2744		10		
739		413		30		30		5733		5853		10		
740		263		81		40		1809		1929		10		
741		78		364		10		623		743		10		
742		184		34		0		1277		1397		10		
743		341		211		0		355		475		10		
744		110		431		20		6287		6407		10		
745		433		38		30		1274		1394		10		
746		259		439		20		3750		3870		10		
747		66		175		30		5510		5630		10		
748		338		444		10		4432		4552		10		
749		297		235		40		870		990		10		
750		455		42		10		2235		2355		10		
751		366		416		30		6482		6602		10		
752		213		24		10		1093		1213		10		
753		191		491		20		3769		3889		10		
754		292		429		40		3173		3293		10		
755		184		423		30		5252		5372		10		
756		479		48		30		918		1038		10		
757		187		421		30		2941		3061		10		
758		481		68		0		1303		1423		10		
759		306		322		10		3546		3666		10		
760		260		413		20		4619		4739		10		
761		339		205		10		6032		6152		10		
762		2		42		20		2223		2343		10		
763		137		451		30		4858		4978		10		
764		423		324		30		6693		6813		10		
765		152		477		10		889		1009		10		
766		215		6		0		6031		6151		10		
767		320		373		30		674		794		10		
768		121		432		10		546		666		10		
769		149		412		30		387		507		10		
770		98		253		30		6395		6515		10		
771		395		414		30		3816		3936		10		
772		332		250		20		1392		1512		10		
773		243		27		20		2667		2787		10		
774		361		360		10		5873		5993		10		
775		116		477		40		2139		2259		10		
776		452		74		0		5042		5162		10		
777		292		210		30		5632		5752		10		
778		117		466		20		2681		2801		10		
779		317		370		10		4721		4841		10		
780		258		39		30		932		1052		10		
781		285		314		0		6097		6217		10		
782		201		53		20		2486		2606		10		
783		289		292		40		4489		4609		10		
784		435		69		10		4917		5037		10		
785		294		217		10		3125		3245		10		
786		312		221		30		1449		1569		10		
787		156		168		20		4212		4332		10		
788		395		321		40		853		973		10		
789		8		350		40		1224		1344		10		
790		341		213		40		5454		5574		10		
791		195		45		20		4130		4250		10		
792		223		16		20		1976		2096		10		
793		142		496		10		6154		6274		10		
794		184		258		20		5500		5620		10		
795		325		210		30		4596		4716		10		
796		341		470		10		309		429		10		
797		218		14		20		2423		2543		10		
798		142		125		40		1699		1819		10		
799		489		166		10		1105		1225		10		
800		339		353		40		3141		3261		10		
801		333		185		10		6408		6528		10		
802		363		177		0		509		629		10		
803		240		6		20		1921		2041		10		
804		405		432		40		377		497		10		
805		161		291		10		3939		4059		10		
806		122		448		30		596		716		10		
807		20		39		40		6082		6202		10		
808		206		3		30		1251		1371		10		
809		215		106		30		3797		3917		10		
810		19		49		10		4016		4136		10		
811		358		158		0		2716		2836		10		
812		96		381		40		3510		3630		10		
813		376		207		20		2119		2239		10		
814		81		441		30		4366		4486		10		
815		237		69		0		6060		6180		10		
816		164		418		20		3283		3403		10		
817		470		335		10		4980		5100		10		
818		241		96		40		1552		1672		10		
819		252		28		20		4301		4421		10		
820		334		352		30		6708		6828		10		
821		301		224		30		5858		5978		10		
822		230		475		0		1140		1260		10		
823		156		437		30		4595		4715		10		
824		119		77		20		1496		1616		10		
825		449		335		20		2696		2816		10		
826		75		460		30		5882		6002		10		
827		125		75		30		4303		4423		10		
828		390		266		0		2937		3057		10		
829		95		160		30		412		532		10		
830		103		109		10		2758		2878		10		
831		256		437		30		2148		2268		10		
832		407		448		10		6492		6612		10		
833		338		208		40		5613		5733		10		
834		189		32		10		4150		4270		10		
835		439		359		40		2530		2650		10		
836		227		14		0		3717		3837		10		
837		333		218		20		3946		4066		10		
838		160		467		10		5395		5515		10		
839		205		498		0		350		470		10		
840		77		471		20		4584		4704		10		
841		301		212		10		5965		6085		10		
842		98		118		10		1482		1602		10		
843		186		346		20		2704		2824		10		
844		158		411		30		3095		3215		10		
845		26		388		10		5150		5270		10		
846		154		391		20		1251		1371		10		
847		255		51		10		2726		2846		10		
848		2		347		10		3138		3258		10		
849		367		186		40		278		398		10		
850		488		132		0		5231		5351		10		
851		211		0		10		6394		6514		10		
852		405		441		40		1647		1767		10		
853		176		488		20		4822		4942		10		
854		276		388		20		5350		5470		10		
855		157		461		40		2896		3016		10		
856		191		358		10		6808		6928		10		
857		93		123		10		4437		4557		10		
858		197		26		30		3358		3478		10		
859		72		159		40		2352		2472		10		
860		415		424		0		460		580		10		
861		110		364		20		4259		4379		10		
862		14		54		20		2966		3086		10		
863		233		12		0		1036		1156		10		
864		158		265		20		6537		6657		10		
865		229		58		10		3105		3225		10		
866		141		457		30		4588		4708		10		
867		367		354		30		3717		3837		10		
868		64		147		20		885		1005		10		
869		91		457		0		481		601		10		
870		449		62		40		4777		4897		10		
871		176		18		0		1367		1487		10		
872		100		127		10		6139		6259		10		
873		244		455		20		6651		6771		10		
874		208		439		30		5780		5900		10		
875		430		60		40		5514		5634		10		
876		362		473		0		3326		3446		10		
877		372		484		0		5654		5774		10		
878		414		39		20		1493		1613		10		
879		95		153		20		5575		5695		10		
880		261		208		0		5283		5403		10		
881		341		374		30		5878		5998		10		
882		128		407		20		1358		1478		10		
883		429		72		0		6458		6578		10		
884		435		344		20		3951		4071		10		
885		189		407		40		602		722		10		
886		211		32		30		3255		3375		10		
887		403		216		40		937		1057		10		
888		224		95		30		4181		4301		10		
889		258		340		20		936		1056		10		
890		477		129		30		3430		3550		10		
891		144		257		10		4780		4900		10		
892		136		78		10		4841		4961		10		
893		483		157		0		3398		3518		10		
894		148		434		30		3407		3527		10		
895		100		408		40		4805		4925		10		
896		259		53		0		6814		6934		10		
897		154		446		0		573		693		10		
898		113		463		20		6207		6327		10		
899		231		77		30		2625		2745		10		
900		224		1		0		4364		4484		10		
901		209		15		0		3025		3145		10		
902		227		16		0		936		1056		10		
903		453		337		20		2708		2828		10		
904		270		257		10		5499		5619		10		
905		119		198		20		1260		1380		10		
906		90		148		40		1320		1440		10		
907		137		132		10		3205		3325		10		
908		374		315		10		861		981		10		
909		306		233		20		2274		2394		10		
910		63		476		10		3580		3700		10		
911		417		353		0		2609		2729		10		
912		257		85		40		3427		3547		10		
913		160		485		40		5686		5806		10		
914		188		299		10		6491		6611		10		
915		495		156		40		6108		6228		10		
916		108		217		40		5288		5408		10		
917		321		265		0		220		340		10		
918		211		76		10		5457		5577		10		
919		244		87		40		952		1072		10		
920		68		451		0		6730		6850		10		
921		290		252		20		5518		5638		10		
922		184		18		20		4945		5065		10		
923		163		422		10		1365		1485		10		
924		135		465		40		1732		1852		10		
925		388		18		40		4076		4196		10		
926		435		320		30		6575		6695		10		
927		344		393		0		581		701		10		
928		280		249		0		1536		1656		10		
929		420		350		30		2006		2126		10		
930		281		204		30		1362		1482		10		
931		262		409		30		1054		1174		10		
932		264		446		0		3790		3910		10		
933		226		78		0		612		732		10		
934		407		317		20		6511		6631		10		
935		360		452		40		293		413		10		
936		205		28		30		929		1049		10		
937		23		32		10		323		443		10		
938		314		194		40		4477		4597		10		
939		145		380		40		6305		6425		10		
940		222		450		0		634		754		10		
941		15		351		20		6890		7010		10		
942		124		477		0		948		1068		10		
943		215		73		10		6446		6566		10		
944		187		431		30		6020		6140		10		
945		257		328		40		6129		6249		10		
946		409		346		0		2548		2668		10		
947		371		195		40		1694		1814		10		
948		209		84		10		1183		1303		10		
949		134		460		30		1971		2091		10		
950		420		351		20		4087		4207		10		
951		143		461		20		6660		6780		10		
952		374		12		30		1835		1955		10		
953		259		71		20		5243		5363		10		
954		71		414		20		4852		4972		10		
955		395		250		10		4687		4807		10		
956		271		81		0		2928		3048		10		
957		214		45		10		6153		6273		10		
958		418		334		30		4355		4475		10		
959		449		318		20		6156		6276		10		
960		312		421		20		604		724		10		
961		188		379		40		6692		6812		10		
962		139		457		30		5853		5973		10		
963		477		78		20		2092		2212		10		
964		248		41		40		5660		5780		10		
965		71		447		10		5264		5384		10		
966		362		248		30		462		582		10		
967		263		90		20		2391		2511		10		
968		88		439		0		6656		6776		10		
969		421		32		30		1755		1875		10		
970		417		22		40		5080		5200		10		
971		140		396		40		2693		2813		10		
972		479		70		40		3323		3443		10		
973		468		319		20		4241		4361		10		
974		430		55		10		2346		2466		10		
975		117		413		40		6689		6809		10		
976		436		51		30		2792		2912		10		
977		497		147		20		534		654		10		
978		382		319		20		1820		1940		10		
979		402		159		40		3733		3853		10		
980		383		197		20		5846		5966		10		
981		385		312		20		819		939		10		
982		397		202		30		2907		3027		10		
983		145		414		40		2116		2236		10		
984		93		89		0		2462		2582		10		
985		287		231		20		5155		5275		10		
986		306		244		10		1140		1260		10		
987		436		250		10		414		534		10		
988		217		16		10		3886		4006		10		
989		12		242		0		2160		2280		10		
990		101		413		0		5984		6104		10		
991		337		233		40		2542		2662		10		
992		181		28		40		3149		3269		10		
993		443		336		0		272		392		10		
994		352		159		20		1532		1652		10		
995		137		103		20		5476		5596		10		
996		379		254		0		1706		1826		10		
997		481		61		30		6328		6448		10		
998		105		224		0		598		718		10		
999		233		480		40		5967		6087		10		
1000		366		161		0		1788		1908		10		
