C2_4_11

VEHICLE
NUMBER     CAPACITY
100	700

CUSTOMER
CUST NO.	XCOORD.	YCOORD.	DEMAND	READY TIME	DUE DATE	SERVICE TIME

0		100		100		0		0		3693		0		
1		135		109		30		2387		2547		90		
2		96		141		40		2762		2922		90		
3		170		37		20		1734		1894		90		
4		6		96		30		3217		3377		90		
5		143		34		10		2583		2743		90		
6		14		73		10		2522		2682		90		
7		156		50		30		1398		1558		90		
8		19		61		10		2546		2706		90		
9		170		71		40		1575		1735		90		
10		161		78		30		2496		2656		90		
11		64		98		40		1131		1291		90		
12		82		127		30		1788		1948		90		
13		118		14		10		1367		1527		90		
14		90		7		30		3314		3474		90		
15		25		68		30		214		374		90		
16		103		91		40		2833		2993		90		
17		21		52		30		1040		1200		90		
18		136		54		20		2282		2442		90		
19		82		84		10		3032		3192		90		
20		56		13		30		695		855		90		
21		90		167		40		1426		1586		90		
22		89		188		10		1500		1660		90		
23		163		127		20		3196		3356		90		
24		28		37		10		540		700		90		
25		139		76		20		3237		3397		90		
26		75		153		20		2270		2430		90		
27		194		6		40		1156		1316		90		
28		178		142		20		2226		2386		90		
29		190		178		40		2927		3087		90		
30		12		27		10		795		955		90		
31		59		150		20		2690		2850		90		
32		128		153		40		789		949		90		
33		38		116		30		2986		3146		90		
34		54		140		20		2957		3117		90		
35		111		171		30		1129		1289		90		
36		103		93		40		1265		1425		90		
37		78		43		20		1106		1266		90		
38		165		123		10		209		369		90		
39		85		180		10		3318		3478		90		
40		25		175		40		2216		2376		90		
41		94		84		20		1720		1880		90		
42		69		155		20		2946		3106		90		
43		194		14		10		2114		2274		90		
44		91		188		10		723		883		90		
45		85		185		10		2974		3134		90		
46		63		130		20		2086		2246		90		
47		175		138		30		1832		1992		90		
48		8		61		10		466		626		90		
49		161		38		40		1623		1783		90		
50		68		37		20		2482		2642		90		
51		135		158		10		1869		2029		90		
52		190		182		20		1460		1620		90		
53		21		61		40		2401		2561		90		
54		87		132		40		3200		3360		90		
55		127		70		10		1027		1187		90		
56		19		74		40		1023		1183		90		
57		71		35		20		1525		1685		90		
58		138		141		40		2734		2894		90		
59		16		72		30		2100		2260		90		
60		53		147		40		2542		2702		90		
61		88		34		20		454		614		90		
62		8		64		30		1330		1490		90		
63		137		158		20		1169		1329		90		
64		28		39		40		2924		3084		90		
65		142		107		40		1481		1641		90		
66		74		160		40		528		688		90		
67		77		178		30		1170		1330		90		
68		137		100		10		624		784		90		
69		2		79		20		100		260		90		
70		60		141		20		3084		3244		90		
71		28		40		20		2688		2848		90		
72		127		48		40		1585		1745		90		
73		114		88		10		2962		3122		90		
74		154		130		30		3173		3333		90		
75		184		6		20		2160		2320		90		
76		130		38		10		3204		3364		90		
77		112		165		10		1958		2118		90		
78		166		52		10		1646		1806		90		
79		93		130		30		3307		3467		90		
80		183		5		10		3031		3191		90		
81		133		73		20		2921		3081		90		
82		92		171		30		1746		1906		90		
83		40		123		20		385		545		90		
84		70		85		20		1116		1276		90		
85		75		97		10		1527		1687		90		
86		104		83		40		1130		1290		90		
87		141		64		30		2604		2764		90		
88		100		12		30		2244		2404		90		
89		22		59		10		2731		2891		90		
90		101		14		10		1484		1644		90		
91		62		162		30		1786		1946		90		
92		111		172		10		1179		1339		90		
93		86		31		10		1373		1533		90		
94		104		91		10		1148		1308		90		
95		27		120		20		96		256		90		
96		88		173		30		2099		2259		90		
97		127		155		20		3267		3427		90		
98		28		164		30		907		1067		90		
99		72		160		40		2446		2606		90		
100		61		141		20		881		1041		90		
101		7		57		30		2266		2426		90		
102		148		51		10		380		540		90		
103		172		59		20		1671		1831		90		
104		76		116		10		934		1094		90		
105		138		79		30		1460		1620		90		
106		11		14		20		2128		2288		90		
107		140		99		20		3334		3494		90		
108		107		141		20		2677		2837		90		
109		104		100		10		2983		3143		90		
110		156		123		20		2959		3119		90		
111		3		104		30		3043		3203		90		
112		180		41		30		2405		2565		90		
113		5		29		30		906		1066		90		
114		170		33		10		1564		1724		90		
115		129		160		30		363		523		90		
116		6		28		10		1045		1205		90		
117		120		180		10		1445		1605		90		
118		27		123		20		2290		2450		90		
119		28		107		30		786		946		90		
120		159		44		40		621		781		90		
121		150		51		10		1973		2133		90		
122		93		184		10		2676		2836		90		
123		57		5		20		589		749		90		
124		93		14		40		3249		3409		90		
125		2		72		20		667		827		90		
126		40		107		40		2587		2747		90		
127		164		78		10		707		867		90		
128		86		187		20		2368		2528		90		
129		24		165		20		166		326		90		
130		88		33		20		2925		3085		90		
131		28		185		10		815		975		90		
132		4		22		30		2228		2388		90		
133		40		105		30		1564		1724		90		
134		187		179		10		1701		1861		90		
135		32		55		20		2744		2904		90		
136		20		36		30		484		644		90		
137		85		152		40		1742		1902		90		
138		10		59		30		937		1097		90		
139		99		102		10		1816		1976		90		
140		22		66		40		328		488		90		
141		157		37		10		2246		2406		90		
142		95		161		40		2566		2726		90		
143		89		142		10		1734		1894		90		
144		20		65		30		1425		1585		90		
145		58		140		40		2452		2612		90		
146		168		110		40		3062		3222		90		
147		107		21		30		2376		2536		90		
148		31		77		10		2027		2187		90		
149		17		75		30		3351		3511		90		
150		15		57		10		1430		1590		90		
151		91		94		30		2076		2236		90		
152		46		147		20		582		742		90		
153		171		116		30		2966		3126		90		
154		88		49		40		2783		2943		90		
155		168		74		10		1104		1264		90		
156		105		181		30		1135		1295		90		
157		130		109		30		3111		3271		90		
158		39		26		10		1006		1166		90		
159		89		86		30		772		932		90		
160		185		146		40		872		1032		90		
161		147		78		20		1147		1307		90		
162		166		77		30		858		1018		90		
163		121		181		30		1875		2035		90		
164		124		164		20		3335		3495		90		
165		136		104		40		2195		2355		90		
166		137		148		10		1793		1953		90		
167		124		158		30		1081		1241		90		
168		167		71		10		2389		2549		90		
169		184		138		20		2002		2162		90		
170		22		174		10		661		821		90		
171		149		40		40		190		350		90		
172		15		97		20		2377		2537		90		
173		198		9		10		975		1135		90		
174		175		47		40		366		526		90		
175		129		2		40		120		280		90		
176		122		159		20		446		606		90		
177		172		116		20		2873		3033		90		
178		168		66		30		2143		2303		90		
179		67		150		30		120		280		90		
180		35		41		40		1404		1564		90		
181		29		56		10		1704		1864		90		
182		157		36		20		2642		2802		90		
183		97		135		40		3252		3412		90		
184		88		190		20		2818		2978		90		
185		158		135		30		1924		2084		90		
186		66		160		20		2607		2767		90		
187		170		148		40		2635		2795		90		
188		183		145		10		698		858		90		
189		82		87		40		2753		2913		90		
190		143		65		40		1285		1445		90		
191		78		157		10		3373		3533		90		
192		103		150		20		3011		3171		90		
193		24		176		40		2903		3063		90		
194		65		143		40		66		226		90		
195		169		84		10		1619		1779		90		
196		70		89		40		2480		2640		90		
197		171		45		40		2557		2717		90		
198		115		159		40		1224		1384		90		
199		52		95		10		625		785		90		
200		182		181		40		2919		3079		90		
201		67		35		30		1907		2067		90		
202		145		59		40		430		590		90		
203		99		186		40		1711		1871		90		
204		22		24		10		2014		2174		90		
205		174		71		30		352		512		90		
206		141		21		20		3173		3333		90		
207		197		6		20		1189		1349		90		
208		22		64		30		2667		2827		90		
209		29		65		30		2956		3116		90		
210		20		167		10		2500		2660		90		
211		165		127		40		2231		2391		90		
212		25		186		30		3259		3419		90		
213		99		87		40		2152		2312		90		
214		131		163		20		753		913		90		
215		168		89		20		2831		2991		90		
216		197		188		30		3071		3231		90		
217		137		113		40		3335		3495		90		
218		4		25		20		1415		1575		90		
219		100		178		40		3166		3326		90		
220		20		55		20		282		442		90		
221		99		146		20		142		302		90		
222		21		165		10		155		315		90		
223		138		45		30		2825		2985		90		
224		81		78		40		2318		2478		90		
225		79		115		20		1088		1248		90		
226		78		45		10		168		328		90		
227		7		71		10		1559		1719		90		
228		28		58		40		1678		1838		90		
229		87		39		20		2477		2637		90		
230		102		91		30		2927		3087		90		
231		46		141		20		2134		2294		90		
232		112		96		10		386		546		90		
233		104		148		20		2663		2823		90		
234		9		61		30		610		770		90		
235		113		84		10		268		428		90		
236		136		45		10		3238		3398		90		
237		16		53		30		2717		2877		90		
238		132		153		20		402		562		90		
239		147		53		10		359		519		90		
240		172		70		10		267		427		90		
241		180		35		40		2095		2255		90		
242		144		63		40		2446		2606		90		
243		168		72		40		1749		1909		90		
244		171		60		10		3074		3234		90		
245		23		56		20		1816		1976		90		
246		163		115		10		2275		2435		90		
247		63		152		10		406		566		90		
248		7		68		30		1092		1252		90		
249		65		146		20		1721		1881		90		
250		112		97		10		1210		1370		90		
251		34		106		30		1878		2038		90		
252		161		61		20		349		509		90		
253		119		164		30		3302		3462		90		
254		130		83		30		453		613		90		
255		96		178		10		180		340		90		
256		134		41		30		117		277		90		
257		62		90		40		2401		2561		90		
258		168		140		10		3243		3403		90		
259		36		117		40		2911		3071		90		
260		1		78		40		1531		1691		90		
261		44		21		10		1219		1379		90		
262		57		19		40		1332		1492		90		
263		12		97		20		2693		2853		90		
264		173		73		10		3277		3437		90		
265		106		177		40		208		368		90		
266		77		95		20		1645		1805		90		
267		155		119		40		504		664		90		
268		128		4		30		679		839		90		
269		135		55		40		2020		2180		90		
270		126		142		40		3033		3193		90		
271		0		101		10		1604		1764		90		
272		106		84		30		1222		1382		90		
273		8		104		30		2842		3002		90		
274		19		58		30		208		368		90		
275		191		16		30		1528		1688		90		
276		154		38		10		342		502		90		
277		58		21		40		1220		1380		90		
278		193		182		40		2980		3140		90		
279		13		20		20		121		281		90		
280		24		58		20		1490		1650		90		
281		119		158		10		2023		2183		90		
282		66		140		20		3284		3444		90		
283		92		152		10		2716		2876		90		
284		75		91		20		1486		1646		90		
285		117		11		10		923		1083		90		
286		98		83		40		292		452		90		
287		90		83		40		1213		1373		90		
288		138		157		40		758		918		90		
289		75		163		10		3172		3332		90		
290		152		126		10		1665		1825		90		
291		81		17		20		1054		1214		90		
292		79		168		40		3139		3299		90		
293		131		157		40		2379		2539		90		
294		29		64		30		803		963		90		
295		144		115		40		2450		2610		90		
296		165		152		40		2731		2891		90		
297		136		42		20		2505		2665		90		
298		105		12		30		2313		2473		90		
299		81		30		10		1783		1943		90		
300		129		158		40		2484		2644		90		
301		4		24		10		1594		1754		90		
302		48		139		40		1483		1643		90		
303		79		172		30		2714		2874		90		
304		128		102		40		39		199		90		
305		159		118		20		2515		2675		90		
306		100		91		40		1572		1732		90		
307		28		183		40		1522		1682		90		
308		122		17		10		2243		2403		90		
309		38		103		10		2851		3011		90		
310		159		77		40		3197		3357		90		
311		62		24		10		1186		1346		90		
312		175		70		20		2731		2891		90		
313		134		141		20		878		1038		90		
314		64		146		10		2860		3020		90		
315		184		133		10		797		957		90		
316		64		13		10		2084		2244		90		
317		106		163		30		1072		1232		90		
318		125		112		10		125		285		90		
319		83		48		10		2813		2973		90		
320		19		27		10		2070		2230		90		
321		184		176		40		1351		1511		90		
322		123		49		20		208		368		90		
323		19		28		40		368		528		90		
324		28		125		20		1024		1184		90		
325		104		101		40		2947		3107		90		
326		73		133		20		145		305		90		
327		140		69		10		3297		3457		90		
328		183		187		20		1127		1287		90		
329		172		72		20		112		272		90		
330		187		143		40		2429		2589		90		
331		158		138		30		920		1080		90		
332		172		125		40		1791		1951		90		
333		15		162		10		2161		2321		90		
334		84		190		40		2594		2754		90		
335		189		15		30		3241		3401		90		
336		25		50		40		1830		1990		90		
337		157		80		20		1940		2100		90		
338		199		5		10		2195		2355		90		
339		20		26		10		407		567		90		
340		7		89		40		317		477		90		
341		193		175		20		1022		1182		90		
342		77		30		40		511		671		90		
343		91		92		40		134		294		90		
344		190		176		40		2272		2432		90		
345		14		67		30		112		272		90		
346		6		15		10		1920		2080		90		
347		175		118		40		587		747		90		
348		173		130		30		710		870		90		
349		87		167		30		1589		1749		90		
350		28		55		30		158		318		90		
351		156		119		40		1381		1541		90		
352		97		81		20		1095		1255		90		
353		109		81		20		2693		2853		90		
354		29		59		20		680		840		90		
355		160		41		20		1921		2081		90		
356		12		73		30		1463		1623		90		
357		94		190		30		1081		1241		90		
358		58		146		30		2187		2347		90		
359		14		172		10		2323		2483		90		
360		185		187		20		180		340		90		
361		23		29		40		2917		3077		90		
362		162		41		40		803		963		90		
363		40		120		10		3035		3195		90		
364		90		4		20		259		419		90		
365		91		186		30		914		1074		90		
366		73		158		40		1998		2158		90		
367		162		24		40		1856		2016		90		
368		97		0		10		105		265		90		
369		48		150		40		1028		1188		90		
370		15		74		30		891		1051		90		
371		126		45		30		113		273		90		
372		170		118		30		829		989		90		
373		126		103		40		852		1012		90		
374		186		131		10		2678		2838		90		
375		130		57		30		1447		1607		90		
376		35		44		30		764		924		90		
377		1		33		10		2184		2344		90		
378		128		96		40		2242		2402		90		
379		20		186		10		2299		2459		90		
380		51		152		40		970		1130		90		
381		154		134		40		972		1132		90		
382		35		42		40		1618		1778		90		
383		27		177		20		664		824		90		
384		76		38		40		1499		1659		90		
385		197		12		20		155		315		90		
386		26		185		10		871		1031		90		
387		73		129		30		517		677		90		
388		84		8		10		402		562		90		
389		17		94		40		2708		2868		90		
390		132		150		20		2757		2917		90		
391		69		76		30		2964		3124		90		
392		17		78		30		3077		3237		90		
393		164		120		30		521		681		90		
394		172		80		40		450		610		90		
395		100		17		10		2542		2702		90		
396		130		85		20		1074		1234		90		
397		165		135		30		1826		1986		90		
398		138		43		40		3206		3366		90		
399		67		155		40		2722		2882		90		
400		142		49		10		1612		1772		90		
